Q2 (GeV);x;sigma (mb);sigma error (mb)
1;1e-05;0.000679156;4.60921e-07
1;1.26896e-05;0.000645298;4.39155e-07
1;1.61026e-05;0.000613417;4.17954e-07
1;2.04336e-05;0.000583002;3.97709e-07
1;2.59294e-05;0.000554749;3.79246e-07
1;3.29034e-05;0.000527585;3.60373e-07
1;4.17532e-05;0.000500941;3.42415e-07
1;5.29832e-05;0.00047591;3.25848e-07
1;6.72336e-05;0.000452065;3.1003e-07
1;8.53168e-05;0.000429883;2.95587e-07
1;0.000108264;0.0004086;2.81305e-07
1;0.000137382;0.000387727;2.66766e-07
1;0.000174333;0.000368161;2.53405e-07
1;0.000221222;0.000349446;2.40967e-07
1;0.000280722;0.000331892;2.29372e-07
1;0.000356225;0.000315285;2.1828e-07
1;0.000452035;0.000299315;2.07614e-07
1;0.000573615;0.000283685;1.96217e-07
1;0.000727895;0.000269052;1.86727e-07
1;0.000923671;0.00025529;1.77887e-07
1;0.0011721;0.000242267;1.69269e-07
1;0.00148735;0.000229876;1.61603e-07
1;0.00188739;0.00021772;1.52669e-07
1;0.00239503;0.000206321;1.44994e-07
1;0.0030392;0.00019549;1.3788e-07
1;0.00385662;0.000185416;1.31162e-07
1;0.0048939;0.000175748;1.24416e-07
1;0.00621017;0.000166268;1.17548e-07
1;0.00788046;0.000157423;1.11418e-07
1;0.01;0.000148968;1.05805e-07
3;1e-05;0.0014562;1.00383e-06
3;1.26896e-05;0.00138237;9.52931e-07
3;1.61026e-05;0.00131307;9.00776e-07
3;2.04336e-05;0.00124697;8.56221e-07
3;2.59294e-05;0.00118527;8.14909e-07
3;3.29034e-05;0.00112624;7.75343e-07
3;4.17532e-05;0.00106838;7.35154e-07
3;5.29832e-05;0.0010141;6.98618e-07
3;6.72336e-05;0.000962105;6.64789e-07
3;8.53168e-05;0.000914029;6.30346e-07
3;0.000108264;0.000867948;5.99953e-07
3;0.000137382;0.000822776;5.71643e-07
3;0.000174333;0.000780599;5.43302e-07
3;0.000221222;0.000739973;5.1644e-07
3;0.000280722;0.000702157;4.91044e-07
3;0.000356225;0.000666342;4.67528e-07
3;0.000452035;0.000631933;4.44008e-07
3;0.000573615;0.000598237;4.20815e-07
3;0.000727895;0.000566771;3.9944e-07
3;0.000923671;0.000537023;3.78794e-07
3;0.0011721;0.000509206;3.6034e-07
3;0.00148735;0.000482471;3.42772e-07
3;0.00188739;0.000456287;3.25026e-07
3;0.00239503;0.00043177;3.0906e-07
3;0.0030392;0.000408499;2.93201e-07
3;0.00385662;0.000386774;2.77191e-07
3;0.0048939;0.000366066;2.61861e-07
3;0.00621017;0.000345766;2.47426e-07
3;0.00788046;0.000326767;2.34353e-07
3;0.01;0.000308564;2.21092e-07
5;1e-05;0.00184248;1.3094e-06
5;1.26896e-05;0.00174759;1.24462e-06
5;1.61026e-05;0.00165841;1.16208e-06
5;2.04336e-05;0.00157392;1.10339e-06
5;2.59294e-05;0.00149535;1.04849e-06
5;3.29034e-05;0.00141984;9.9418e-07
5;4.17532e-05;0.00134573;9.42444e-07
5;5.29832e-05;0.00127677;8.93204e-07
5;6.72336e-05;0.00121051;8.36001e-07
5;8.53168e-05;0.00114897;7.93223e-07
5;0.000108264;0.00109021;7.5188e-07
5;0.000137382;0.00103266;7.10832e-07
5;0.000174333;0.000978797;6.76992e-07
5;0.000221222;0.000926931;6.45157e-07
5;0.000280722;0.000878809;6.14041e-07
5;0.000356225;0.000833212;5.82378e-07
5;0.000452035;0.000789363;5.51592e-07
5;0.000573615;0.00074636;5.21025e-07
5;0.000727895;0.000706362;4.9264e-07
5;0.000923671;0.000668625;4.67817e-07
5;0.0011721;0.000633351;4.45641e-07
5;0.00148735;0.000599473;4.22647e-07
5;0.00188739;0.000566179;3.99896e-07
5;0.00239503;0.000535173;3.79317e-07
5;0.0030392;0.00050578;3.59971e-07
5;0.00385662;0.000478444;3.41843e-07
5;0.0048939;0.000452297;3.24016e-07
5;0.00621017;0.000426588;3.0572e-07
5;0.00788046;0.000402496;2.89143e-07
5;0.01;0.000379503;2.73571e-07
8;1e-05;0.00209888;1.49993e-06
8;1.26896e-05;0.00198897;1.42214e-06
8;1.61026e-05;0.00188677;1.34567e-06
8;2.04336e-05;0.00178926;1.27691e-06
8;2.59294e-05;0.00169841;1.2167e-06
8;3.29034e-05;0.00161161;1.15826e-06
8;4.17532e-05;0.00152635;1.08909e-06
8;5.29832e-05;0.0014465;1.04258e-06
8;6.72336e-05;0.00136994;9.82281e-07
8;8.53168e-05;0.0012993;9.31681e-07
8;0.000108264;0.00123172;8.81269e-07
8;0.000137382;0.00116543;8.3151e-07
8;0.000174333;0.00110338;7.90373e-07
8;0.000221222;0.00104398;7.48702e-07
8;0.000280722;0.00098853;7.09359e-07
8;0.000356225;0.000936252;6.72122e-07
8;0.000452035;0.000886001;6.36105e-07
8;0.000573615;0.000836793;5.98546e-07
8;0.000727895;0.000790805;5.68009e-07
8;0.000923671;0.000747596;5.3881e-07
8;0.0011721;0.00070706;5.10167e-07
8;0.00148735;0.000668089;4.79666e-07
8;0.00188739;0.000630117;4.51358e-07
8;0.00239503;0.000594639;4.2439e-07
8;0.0030392;0.000561126;3.97806e-07
8;0.00385662;0.000529904;3.79309e-07
8;0.0048939;0.000499958;3.58287e-07
8;0.00621017;0.000470655;3.36517e-07
8;0.00788046;0.000443311;3.17383e-07
8;0.01;0.000417258;2.99424e-07
10;1e-05;0.00216468;1.54775e-06
10;1.26896e-05;0.00205104;1.46467e-06
10;1.61026e-05;0.0019447;1.3861e-06
10;2.04336e-05;0.00184344;1.31046e-06
10;2.59294e-05;0.00174916;1.2432e-06
10;3.29034e-05;0.00165903;1.18716e-06
10;4.17532e-05;0.00157051;1.12284e-06
10;5.29832e-05;0.001488;1.06488e-06
10;6.72336e-05;0.00140833;1.00433e-06
10;8.53168e-05;0.00133475;9.58008e-07
10;0.000108264;0.00126469;9.17625e-07
10;0.000137382;0.00119573;8.69985e-07
10;0.000174333;0.00113152;8.23651e-07
10;0.000221222;0.00106998;7.84058e-07
10;0.000280722;0.0010127;7.41059e-07
10;0.000356225;0.000958562;7.00787e-07
10;0.000452035;0.000906745;6.63727e-07
10;0.000573615;0.000855623;6.24418e-07
10;0.000727895;0.000808123;5.88841e-07
10;0.000923671;0.000763523;5.51017e-07
10;0.0011721;0.00072165;5.20938e-07
10;0.00148735;0.00068153;4.9233e-07
10;0.00188739;0.000641966;4.62218e-07
10;0.00239503;0.000604768;4.54325e-07
10;0.0030392;0.000570591;4.12944e-07
10;0.00385662;0.000538495;3.85205e-07
10;0.0048939;0.000507637;3.63708e-07
10;0.00621017;0.000477335;3.42397e-07
10;0.00788046;0.000448955;3.24945e-07
10;0.01;0.000422128;3.04109e-07
