Q2 (GeV);x;sigma (mb);sigma error (mb)
1;1e-05;2.08044e-05;1.48357e-08
1;1.26896e-05;1.90861e-05;1.35938e-08
1;1.61026e-05;1.74982e-05;1.24566e-08
1;2.04336e-05;1.60408e-05;1.14305e-08
1;2.59294e-05;1.47356e-05;1.05327e-08
1;3.29034e-05;1.35262e-05;9.6636e-09
1;4.17532e-05;1.24066e-05;8.86937e-09
1;5.29832e-05;1.13762e-05;8.12373e-09
1;6.72336e-05;1.04239e-05;7.45081e-09
1;8.53168e-05;9.57514e-06;6.84489e-09
1;0.000108264;8.79351e-06;6.29529e-09
1;0.000137382;8.07007e-06;5.71139e-09
1;0.000174333;7.40548e-06;5.34533e-09
1;0.000221222;6.7892e-06;4.89147e-09
1;0.000280722;6.23613e-06;4.57312e-09
1;0.000356225;5.72729e-06;4.24994e-09
1;0.000452035;5.26234e-06;3.74635e-09
1;0.000573615;4.83221e-06;3.45957e-09
1;0.000727895;4.43552e-06;3.152e-09
1;0.000923671;4.0784e-06;2.95399e-09
1;0.0011721;3.75387e-06;2.78753e-09
1;0.00148735;3.45393e-06;2.57052e-09
1;0.00188739;3.17652e-06;2.36775e-09
1;0.00239503;2.92186e-06;2.19183e-09
1;0.0030392;2.68813e-06;2.02081e-09
1;0.00385662;2.47883e-06;1.86713e-09
1;0.0048939;2.28565e-06;1.72228e-09
1;0.00621017;2.10691e-06;1.58782e-09
1;0.00788046;1.9425e-06;1.46965e-09
1;0.01;1.79076e-06;1.35654e-09
3;1e-05;4.1229e-05;2.95049e-08
3;1.26896e-05;3.77666e-05;2.69944e-08
3;1.61026e-05;3.4578e-05;2.48025e-08
3;2.04336e-05;3.16516e-05;2.27639e-08
3;2.59294e-05;2.90345e-05;2.09591e-08
3;3.29034e-05;2.66169e-05;1.92623e-08
3;4.17532e-05;2.43768e-05;1.76111e-08
3;5.29832e-05;2.23176e-05;1.61306e-08
3;6.72336e-05;2.04189e-05;1.47762e-08
3;8.53168e-05;1.87242e-05;1.35538e-08
3;0.000108264;1.7167e-05;1.24417e-08
3;0.000137382;1.57252e-05;1.13603e-08
3;0.000174333;1.44001e-05;1.01623e-08
3;0.000221222;1.31783e-05;9.28735e-09
3;0.000280722;1.20818e-05;8.51023e-09
3;0.000356225;1.10823e-05;7.81861e-09
3;0.000452035;1.01612e-05;7.15804e-09
3;0.000573615;9.31249e-06;6.6642e-09
3;0.000727895;8.52944e-06;6.05585e-09
3;0.000923671;7.82441e-06;5.57497e-09
3;0.0011721;7.18588e-06;5.17803e-09
3;0.00148735;6.59475e-06;4.76611e-09
3;0.00188739;6.05051e-06;4.33471e-09
3;0.00239503;5.55058e-06;4.04173e-09
3;0.0030392;5.09353e-06;3.71345e-09
3;0.00385662;4.68385e-06;3.45963e-09
3;0.0048939;4.30659e-06;3.22549e-09
3;0.00621017;3.96096e-06;2.98506e-09
3;0.00788046;3.63874e-06;2.78951e-09
3;0.01;3.34539e-06;2.56785e-09
5;1e-05;4.8793e-05;3.53931e-08
5;1.26896e-05;4.46436e-05;3.2346e-08
5;1.61026e-05;4.08313e-05;2.95377e-08
5;2.04336e-05;3.73347e-05;2.70982e-08
5;2.59294e-05;3.4209e-05;2.45279e-08
5;3.29034e-05;3.1318e-05;2.24578e-08
5;4.17532e-05;2.86504e-05;2.0725e-08
5;5.29832e-05;2.61934e-05;1.90902e-08
5;6.72336e-05;2.39303e-05;1.72015e-08
5;8.53168e-05;2.19169e-05;1.58212e-08
5;0.000108264;2.00664e-05;1.45611e-08
5;0.000137382;1.83597e-05;1.33311e-08
5;0.000174333;1.67903e-05;1.21657e-08
5;0.000221222;1.53437e-05;1.11468e-08
5;0.000280722;1.40464e-05;1.02124e-08
5;0.000356225;1.28653e-05;9.36245e-09
5;0.000452035;1.17774e-05;8.59059e-09
5;0.000573615;1.07712e-05;7.87869e-09
5;0.000727895;9.85022e-06;7.21663e-09
5;0.000923671;9.01637e-06;6.60016e-09
5;0.0011721;8.26396e-06;6.06718e-09
5;0.00148735;7.57033e-06;5.54735e-09
5;0.00188739;6.93101e-06;5.06701e-09
5;0.00239503;6.34371e-06;4.65123e-09
5;0.0030392;5.80875e-06;4.24889e-09
5;0.00385662;5.33124e-06;3.91238e-09
5;0.0048939;4.89161e-06;3.60312e-09
5;0.00621017;4.48535e-06;3.30814e-09
5;0.00788046;4.11198e-06;3.10088e-09
5;0.01;3.76892e-06;2.85043e-09
8;1e-05;5.1066e-05;3.70931e-08
8;1.26896e-05;4.66575e-05;3.38472e-08
8;1.61026e-05;4.26115e-05;3.09252e-08
8;2.04336e-05;3.89058e-05;2.83291e-08
8;2.59294e-05;3.55946e-05;2.59613e-08
8;3.29034e-05;3.25458e-05;2.3766e-08
8;4.17532e-05;2.97198e-05;2.17236e-08
8;5.29832e-05;2.71337e-05;1.99558e-08
8;6.72336e-05;2.47512e-05;1.82576e-08
8;8.53168e-05;2.26296e-05;1.67444e-08
8;0.000108264;2.06827e-05;1.53324e-08
8;0.000137382;1.889e-05;1.39974e-08
8;0.000174333;1.72449e-05;1.27967e-08
8;0.000221222;1.57314e-05;1.17097e-08
8;0.000280722;1.43724e-05;1.07154e-08
8;0.000356225;1.31405e-05;9.81364e-09
8;0.000452035;1.2005e-05;8.97796e-09
8;0.000573615;1.09573e-05;8.17812e-09
8;0.000727895;9.99842e-06;7.44636e-09
8;0.000923671;9.13085e-06;6.82754e-09
8;0.0011721;8.35182e-06;6.26522e-09
8;0.00148735;7.6341e-06;5.71302e-09
8;0.00188739;6.96956e-06;5.21987e-09
8;0.00239503;6.36288e-06;4.74918e-09
8;0.0030392;5.81009e-06;4.35637e-09
8;0.00385662;5.31806e-06;4.00704e-09
8;0.0048939;4.86494e-06;3.69889e-09
8;0.00621017;4.44939e-06;3.35123e-09
8;0.00788046;4.06818e-06;3.07611e-09
8;0.01;3.71599e-06;2.81436e-09
10;1e-05;5.02007e-05;3.68753e-08
10;1.26896e-05;4.58265e-05;3.37932e-08
10;1.61026e-05;4.18314e-05;3.05124e-08
10;2.04336e-05;3.81446e-05;2.78127e-08
10;2.59294e-05;3.48623e-05;2.55378e-08
10;3.29034e-05;3.18456e-05;2.33156e-08
10;4.17532e-05;2.90671e-05;2.12626e-08
10;5.29832e-05;2.65106e-05;1.94459e-08
10;6.72336e-05;2.41601e-05;1.77468e-08
10;8.53168e-05;2.20754e-05;1.63064e-08
10;0.000108264;2.01586e-05;1.49054e-08
10;0.000137382;1.8389e-05;1.36287e-08
10;0.000174333;1.677e-05;1.24539e-08
10;0.000221222;1.52802e-05;1.13648e-08
10;0.000280722;1.39464e-05;1.04005e-08
10;0.000356225;1.27349e-05;9.52745e-09
10;0.000452035;1.16215e-05;8.73667e-09
10;0.000573615;1.05952e-05;7.9649e-09
10;0.000727895;9.65658e-06;7.26116e-09
10;0.000923671;8.80746e-06;6.65296e-09
10;0.0011721;8.04514e-06;6.07758e-09
10;0.00148735;7.34334e-06;5.56445e-09
10;0.00188739;6.69732e-06;5.05683e-09
10;0.00239503;6.10609e-06;4.64224e-09
10;0.0030392;5.56851e-06;4.2139e-09
10;0.00385662;5.08917e-06;3.83798e-09
10;0.0048939;4.64893e-06;3.50985e-09
10;0.00621017;4.24397e-06;3.16673e-09
10;0.00788046;3.87291e-06;2.95e-09
10;0.01;3.53244e-06;2.6757e-09
