Q2 (GeV);beta;x;sigma (mb);sigma error (mb);fit
9;0.04;0.00024;5.74794e-10;2.64241e-09;0.970175
9;0.04;0.00042;-1.75198e-09;2.16818e-09;0.695964
9;0.04;0.00075;-1.75198e-09;2.16818e-09;0.695964
9;0.1;0.00024;7.89452e-09;3.82004e-09;0.995752
9;0.1;0.00042;7.131e-09;2.64047e-09;1.18964
9;0.1;0.00075;7.13725e-09;2.36403e-09;0.390878
9;0.1;0.00133;4.66673e-09;2.11981e-09;0.289101
9;0.1;0.00237;4.66673e-09;2.11981e-09;0.289101
9;0.2;0.00024;4.59052e-08;5.1212e-09;0.744474
9;0.2;0.00042;4.18315e-08;3.8189e-09;1.3331
9;0.2;0.00075;3.89733e-08;3.3137e-09;0.446809
9;0.2;0.00133;3.25164e-08;2.71471e-09;1.36792
9;0.2;0.00237;2.93911e-08;4.71871e-09;1.28596
9;0.2;0.00421;2.93911e-08;4.71871e-09;1.28596
9;0.4;0.00024;4.7885e-07;7.51819e-09;0.473698
9;0.4;0.00042;4.02814e-07;5.56675e-09;2.69963
9;0.4;0.00075;3.18023e-07;5.50987e-09;0.394733
9;0.4;0.00133;2.62906e-07;6.2695e-09;1.45593
9;0.4;0.00237;2.17794e-07;3.4236e-09;0.694086
9;0.4;0.00421;1.7546e-07;3.05124e-09;0.848078
9;0.4;0.0075;1.7546e-07;3.05124e-09;0.848078
9;0.65;0.00024;4.00887e-06;1.1933e-08;0.756619
9;0.65;0.00042;3.27109e-06;1.19961e-08;0.425089
9;0.65;0.00075;2.64054e-06;8.94842e-09;1.27548
9;0.65;0.00133;2.14141e-06;7.25167e-09;1.16788
9;0.65;0.00237;1.73821e-06;6.76476e-09;0.311893
9;0.65;0.00421;1.41309e-06;5.15169e-09;0.510179
9;0.65;0.0075;1.20189e-06;4.61512e-09;0.671974
9;0.9;0.00042;1.21002e-05;1.49187e-08;0.6464
9;0.9;0.00075;9.93149e-06;9.55652e-09;1.02107
9;0.9;0.00133;8.20101e-06;1.08736e-08;1.26155
9;0.9;0.00237;6.76016e-06;7.92897e-09;0.461321
9;0.9;0.00421;5.59996e-06;6.42359e-09;0.813275
9;0.9;0.0075;4.654e-06;6.81628e-09;0.158302
12;0.04;0.00024;-2.51448e-09;1.10978e-09;0.665694
12;0.04;0.00042;-6.78328e-10;9.10498e-10;0.4059
12;0.04;0.00075;-6.78328e-10;9.10498e-10;0.4059
12;0.04;0.00133;-6.78328e-10;9.10498e-10;0.4059
12;0.1;0.00024;3.3087e-09;2.18605e-09;1.51516
12;0.1;0.00042;3.25076e-09;1.60997e-09;0.598294
12;0.1;0.00075;5.26891e-09;1.52776e-09;2.15799
12;0.1;0.00133;3.71604e-09;1.72921e-09;1.35192
12;0.1;0.00237;3.71604e-09;1.72921e-09;1.35192
12;0.2;0.00024;2.27148e-08;3.00624e-09;1.15245
12;0.2;0.00042;1.82018e-08;2.33789e-09;1.02586
12;0.2;0.00075;1.66508e-08;2.45277e-09;3.0781
12;0.2;0.00133;1.44028e-08;1.57182e-09;1.67967
12;0.2;0.00237;1.42142e-08;1.61829e-09;2.01057
12;0.2;0.00421;1.42142e-08;1.61829e-09;2.01057
12;0.2;0.0075;1.42142e-08;1.61829e-09;2.01057
12;0.4;0.00024;2.33972e-07;5.3738e-09;0.754243
12;0.4;0.00042;1.8887e-07;4.69368e-09;1.02673
12;0.4;0.00075;1.60472e-07;4.29548e-09;0.85605
12;0.4;0.00133;1.23178e-07;4.411e-09;0.626303
12;0.4;0.00237;1.00642e-07;2.51261e-09;1.38133
12;0.4;0.00421;8.02445e-08;1.72363e-09;0.398927
12;0.4;0.0075;8.02445e-08;1.72363e-09;0.398927
12;0.65;0.00024;2.22215e-06;6.34321e-09;0.57044
12;0.65;0.00042;1.7945e-06;4.95664e-09;0.399887
12;0.65;0.00075;1.43749e-06;5.51489e-09;0.956689
12;0.65;0.00133;1.15911e-06;4.47963e-09;1.25602
12;0.65;0.00237;9.29823e-07;3.65954e-09;1.76321
12;0.65;0.00421;7.48226e-07;2.39442e-09;0.884223
12;0.65;0.0075;6.37031e-07;2.62955e-09;1.53725
12;0.9;0.00042;7.17772e-06;1.05334e-08;1.84336
12;0.9;0.00075;5.86036e-06;9.3129e-09;2.2578
12;0.9;0.00133;4.80091e-06;7.40485e-09;1.03191
12;0.9;0.00237;3.93044e-06;4.9477e-09;1.99185
12;0.9;0.00421;3.23558e-06;5.13214e-09;2.03352
12;0.9;0.0075;2.65434e-06;3.30267e-09;0.793908
18;0.04;0.00042;-1.8391e-10;4.68146e-10;1.16362
18;0.04;0.00075;-1.8391e-10;4.68146e-10;1.16362
18;0.04;0.00133;-1.8391e-10;4.68146e-10;1.16362
18;0.1;0.00042;1.93993e-09;8.32573e-10;0.496968
18;0.1;0.00075;2.16128e-09;8.9667e-10;2.46915
18;0.1;0.00133;8.26863e-10;6.10023e-10;0.811057
18;0.1;0.00237;8.26863e-10;6.10023e-10;0.811057
18;0.1;0.00421;8.26863e-10;6.10023e-10;0.811057
18;0.2;0.00042;8.02336e-09;1.82121e-09;1.60539
18;0.2;0.00075;6.15486e-09;1.06017e-09;1.92904
18;0.2;0.00133;5.26159e-09;7.17287e-10;0.512253
18;0.2;0.00237;5.09666e-09;7.37334e-10;1.42932
18;0.2;0.00421;5.09666e-09;7.37334e-10;1.42932
18;0.2;0.0075;5.09666e-09;7.37334e-10;1.42932
18;0.4;0.00042;6.67107e-08;1.54864e-09;1.21609
18;0.4;0.00075;5.58529e-08;1.87127e-09;0.410329
18;0.4;0.00133;4.09055e-08;1.08488e-09;0.516902
18;0.4;0.00237;3.21593e-08;1.05172e-09;1.0039
18;0.4;0.00421;2.65571e-08;8.34176e-10;0.714149
18;0.4;0.0075;2.65571e-08;8.34176e-10;0.714149
18;0.4;0.0133;2.65571e-08;8.34176e-10;0.714149
18;0.65;0.00042;7.508e-07;3.58235e-09;1.0189
18;0.65;0.00075;5.9773e-07;2.26081e-09;0.53803
18;0.65;0.00133;4.73187e-07;1.61362e-09;2.07446
18;0.65;0.00237;3.73099e-07;1.29369e-09;1.21672
18;0.65;0.00421;2.97795e-07;1.44612e-09;0.446932
18;0.65;0.0075;2.49042e-07;1.04452e-09;0.856968
18;0.65;0.0133;2.49042e-07;1.04452e-09;0.856968
18;0.9;0.00075;2.69779e-06;3.6741e-09;1.06129
18;0.9;0.00133;2.19324e-06;2.18315e-09;0.648979
18;0.9;0.00237;1.77915e-06;2.05452e-09;0.854897
18;0.9;0.00421;1.4452e-06;1.82944e-09;0.870999
18;0.9;0.0075;1.17356e-06;1.71327e-09;1.57324
18;0.9;0.0133;1.09862e-06;1.2828e-09;0.749735
28;0.04;0.00075;2.63888e-10;2.14363e-10;0.922092
28;0.04;0.00133;2.63888e-10;2.14363e-10;0.922092
28;0.1;0.00075;3.44298e-10;2.23657e-10;0.923501
28;0.1;0.00133;2.91587e-10;2.82112e-10;0.624795
28;0.1;0.00237;2.91587e-10;2.82112e-10;0.624795
28;0.1;0.00421;2.91587e-10;2.82112e-10;0.624795
28;0.2;0.00075;1.4731e-09;4.52195e-10;2.75388
28;0.2;0.00133;1.79636e-09;2.72401e-10;1.42736
28;0.2;0.00237;1.65212e-09;3.3486e-10;1.27999
28;0.2;0.00421;1.65212e-09;3.3486e-10;1.27999
28;0.2;0.0075;1.65212e-09;3.3486e-10;1.27999
28;0.4;0.00075;1.58826e-08;7.08373e-10;0.587788
28;0.4;0.00133;1.16265e-08;4.38677e-10;1.41304
28;0.4;0.00237;9.44298e-09;4.93023e-10;0.514387
28;0.4;0.00421;7.88118e-09;3.44916e-10;0.716745
28;0.4;0.0075;7.88118e-09;3.44916e-10;0.716745
28;0.4;0.0133;7.88118e-09;3.44916e-10;0.716745
28;0.65;0.00075;2.20313e-07;1.08718e-09;1.10098
28;0.65;0.00133;1.71261e-07;6.78124e-10;0.503651
28;0.65;0.00237;1.34565e-07;6.22888e-10;1.06584
28;0.65;0.00421;1.05118e-07;6.54845e-10;1.00551
28;0.65;0.0075;8.62297e-08;5.354e-10;1.11102
28;0.65;0.0133;8.62297e-08;5.354e-10;1.11102
28;0.65;0.0237;8.62297e-08;5.354e-10;1.11102
28;0.9;0.00133;8.98436e-07;1.3549e-09;0.26068
28;0.9;0.00237;7.1794e-07;1.15757e-09;1.34316
28;0.9;0.00421;5.7689e-07;7.23475e-10;1.5357
28;0.9;0.0075;4.63576e-07;9.10736e-10;0.66214
28;0.9;0.0133;4.31718e-07;6.55935e-10;0.887782
28;0.9;0.0237;4.31718e-07;6.55935e-10;0.887782
45;0.04;0.00133;3.80896e-11;6.54808e-11;1.97322
45;0.1;0.00133;4.19809e-11;9.98442e-11;1.32576
45;0.1;0.00237;4.19809e-11;9.98442e-11;1.32576
45;0.2;0.00133;3.85177e-10;1.06807e-10;1.88738
45;0.2;0.00237;3.79004e-10;9.66343e-11;0.379216
45;0.2;0.00421;3.79004e-10;9.66343e-11;0.379216
45;0.2;0.0075;3.79004e-10;9.66343e-11;0.379216
45;0.4;0.00133;3.18913e-09;2.11618e-10;0.31073
45;0.4;0.00237;2.26855e-09;2.10894e-10;2.23589
45;0.4;0.00421;1.98244e-09;1.27347e-10;1.17405
45;0.4;0.0075;1.98244e-09;1.27347e-10;1.17405
45;0.4;0.0133;1.98244e-09;1.27347e-10;1.17405
45;0.65;0.00133;5.59182e-08;2.46875e-10;1.27208
45;0.65;0.00237;4.32548e-08;2.69797e-10;0.535589
45;0.65;0.00421;3.3352e-08;2.62508e-10;0.28074
45;0.65;0.0075;2.65098e-08;1.54203e-10;0.518283
45;0.65;0.0133;2.65098e-08;1.54203e-10;0.518283
45;0.65;0.0237;2.65098e-08;1.54203e-10;0.518283
45;0.9;0.00237;2.6176e-07;3.97521e-10;0.465314
45;0.9;0.00421;2.06931e-07;3.14625e-10;0.706897
45;0.9;0.0075;1.63605e-07;3.29227e-10;0.146862
45;0.9;0.0133;1.5128e-07;2.18385e-10;1.40231
45;0.9;0.0237;1.5128e-07;2.18385e-10;1.40231
75;0.1;0.00237;2.83403e-11;2.74894e-11;2.91799
75;0.1;0.00421;2.83403e-11;2.74894e-11;2.91799
75;0.2;0.00237;1.20506e-10;3.42948e-11;1.82288
75;0.2;0.00421;1.20506e-10;3.42948e-11;1.82288
75;0.2;0.0075;1.20506e-10;3.42948e-11;1.82288
75;0.4;0.00237;5.23712e-10;4.86124e-11;0.670291
75;0.4;0.00421;4.32643e-10;5.24864e-11;0.854811
75;0.4;0.0075;4.32643e-10;5.24864e-11;0.854811
75;0.4;0.0133;4.32643e-10;5.24864e-11;0.854811
75;0.65;0.00237;1.21604e-08;7.71532e-11;0.2772
75;0.65;0.00421;9.274e-09;7.22428e-11;0.301106
75;0.65;0.0075;7.41078e-09;7.13799e-11;0.328518
75;0.65;0.0133;7.41078e-09;7.13799e-11;0.328518
75;0.65;0.0237;7.41078e-09;7.13799e-11;0.328518
75;0.9;0.00421;6.55523e-08;1.41926e-10;0.595702
75;0.9;0.0075;5.0993e-08;8.75701e-11;0.46421
75;0.9;0.0133;4.69374e-08;7.7363e-11;1.77573
75;0.9;0.0237;4.69374e-08;7.7363e-11;1.77573
