Q2 (GeV);beta;x;sigma (mb);sigma error (mb);fit
9;0.04;0.00024;3.60735e-08;1.47881e-08;1.51484
9;0.04;0.00042;4.29788e-08;7.04496e-09;0.906268
9;0.04;0.00075;4.29788e-08;7.04496e-09;0.906268
9;0.1;0.00024;3.44718e-07;1.3229e-08;1.3104
9;0.1;0.00042;3.0494e-07;1.25761e-08;0.919764
9;0.1;0.00075;2.60507e-07;1.51867e-08;1.36857
9;0.1;0.00133;2.4597e-07;1.26297e-08;1.12797
9;0.1;0.00237;2.4597e-07;1.26297e-08;1.12797
9;0.2;0.00024;1.53457e-06;1.89083e-08;0.723735
9;0.2;0.00042;1.28499e-06;2.04298e-08;1.34646
9;0.2;0.00075;1.06365e-06;1.71427e-08;1.20722
9;0.2;0.00133;8.97341e-07;1.51838e-08;1.15608
9;0.2;0.00237;7.94754e-07;1.43417e-08;1.48474
9;0.2;0.00421;7.94754e-07;1.43417e-08;1.48474
9;0.4;0.00024;5.35509e-06;4.06744e-08;0.901301
9;0.4;0.00042;4.49757e-06;3.98078e-08;0.930252
9;0.4;0.00075;3.69269e-06;3.3141e-08;0.386154
9;0.4;0.00133;3.16775e-06;1.91736e-08;1.16519
9;0.4;0.00237;2.68371e-06;1.70564e-08;0.8407
9;0.4;0.00421;2.36436e-06;2.1278e-08;0.188357
9;0.4;0.0075;2.36436e-06;2.1278e-08;0.188357
9;0.65;0.00024;8.4813e-06;4.58287e-08;1.58858
9;0.65;0.00042;7.2067e-06;3.04251e-08;2.16722
9;0.65;0.00075;6.04081e-06;3.02588e-08;2.14983
9;0.65;0.00133;5.13587e-06;2.49604e-08;0.919202
9;0.65;0.00237;4.36276e-06;2.78209e-08;0.992361
9;0.65;0.00421;3.77332e-06;2.63041e-08;1.17484
9;0.65;0.0075;3.33683e-06;2.56266e-08;0.773073
9;0.9;0.00042;3.90611e-06;4.8229e-08;0.358104
9;0.9;0.00075;3.32026e-06;4.17088e-08;1.41988
9;0.9;0.00133;2.81002e-06;3.29149e-08;0.721363
9;0.9;0.00237;2.4546e-06;3.39661e-08;1.45049
9;0.9;0.00421;2.09707e-06;3.29998e-08;1.18505
9;0.9;0.0075;1.83171e-06;2.61953e-08;0.164498
12;0.04;0.00024;2.62711e-08;6.28179e-09;0.456446
12;0.04;0.00042;2.49258e-08;4.25894e-09;0.344353
12;0.04;0.00075;2.49258e-08;4.25894e-09;0.344353
12;0.04;0.00133;2.49258e-08;4.25894e-09;0.344353
12;0.1;0.00024;2.14017e-07;8.79002e-09;0.389167
12;0.1;0.00042;1.7586e-07;9.66528e-09;0.595518
12;0.1;0.00075;1.60458e-07;1.10149e-08;0.353399
12;0.1;0.00133;1.33085e-07;5.89253e-09;0.519508
12;0.1;0.00237;1.33085e-07;5.89253e-09;0.519508
12;0.2;0.00024;9.5029e-07;2.96974e-08;0.331637
12;0.2;0.00042;7.32683e-07;1.75734e-08;0.324112
12;0.2;0.00075;6.20512e-07;1.14249e-08;0.741516
12;0.2;0.00133;4.96533e-07;1.0097e-08;3.29145
12;0.2;0.00237;4.7115e-07;1.2227e-08;0.762819
12;0.2;0.00421;4.7115e-07;1.2227e-08;0.762819
12;0.2;0.0075;4.7115e-07;1.2227e-08;0.762819
12;0.4;0.00024;3.22683e-06;2.2185e-08;1.48018
12;0.4;0.00042;2.66681e-06;4.2183e-08;1.64387
12;0.4;0.00075;2.26939e-06;2.22704e-08;0.389629
12;0.4;0.00133;1.9019e-06;1.45903e-08;0.876712
12;0.4;0.00237;1.6018e-06;1.39784e-08;0.379129
12;0.4;0.00421;1.36247e-06;1.3729e-08;0.462585
12;0.4;0.0075;1.36247e-06;1.3729e-08;0.462585
12;0.65;0.00024;5.38069e-06;2.4176e-08;0.385116
12;0.65;0.00042;4.51207e-06;2.11901e-08;1.15236
12;0.65;0.00075;3.82379e-06;1.6622e-08;0.359454
12;0.65;0.00133;3.23337e-06;1.73474e-08;0.471887
12;0.65;0.00237;2.73942e-06;1.50021e-08;0.680045
12;0.65;0.00421;2.33684e-06;1.24767e-08;0.139856
12;0.65;0.0075;2.08089e-06;1.10294e-08;0.0467546
12;0.9;0.00042;2.50974e-06;4.99327e-08;0.496236
12;0.9;0.00075;2.10873e-06;3.21604e-08;2.16505
12;0.9;0.00133;1.86584e-06;3.57781e-08;1.15465
12;0.9;0.00237;1.52031e-06;2.2064e-08;0.356257
12;0.9;0.00421;1.33527e-06;1.75159e-08;0.176563
12;0.9;0.0075;1.08437e-06;2.53208e-08;1.62236
18;0.04;0.00042;8.58159e-09;3.42322e-09;0.973575
18;0.04;0.00075;8.58159e-09;3.42322e-09;0.973575
18;0.04;0.00133;8.58159e-09;3.42322e-09;0.973575
18;0.1;0.00042;7.84249e-08;3.90221e-09;0.995197
18;0.1;0.00075;6.43954e-08;4.40271e-09;0.591709
18;0.1;0.00133;6.30149e-08;3.259e-09;0.749721
18;0.1;0.00237;6.30149e-08;3.259e-09;0.749721
18;0.1;0.00421;6.30149e-08;3.259e-09;0.749721
18;0.2;0.00042;3.41815e-07;6.19637e-09;1.22726
18;0.2;0.00075;2.82217e-07;7.67304e-09;0.781979
18;0.2;0.00133;2.39342e-07;4.38398e-09;0.868127
18;0.2;0.00237;2.01738e-07;4.49785e-09;0.92373
18;0.2;0.00421;2.01738e-07;4.49785e-09;0.92373
18;0.2;0.0075;2.01738e-07;4.49785e-09;0.92373
18;0.4;0.00042;1.30646e-06;9.92013e-09;0.604785
18;0.4;0.00075;1.09804e-06;1.30843e-08;0.499341
18;0.4;0.00133;9.12761e-07;6.72338e-09;1.02129
18;0.4;0.00237;7.62719e-07;5.19476e-09;0.605707
18;0.4;0.00421;6.6504e-07;6.40049e-09;0.0875068
18;0.4;0.0075;6.6504e-07;6.40049e-09;0.0875068
18;0.4;0.0133;6.6504e-07;6.40049e-09;0.0875068
18;0.65;0.00042;2.28945e-06;1.94694e-08;1.02633
18;0.65;0.00075;1.92967e-06;1.39601e-08;1.62685
18;0.65;0.00133;1.62363e-06;1.0835e-08;0.906907
18;0.65;0.00237;1.37032e-06;7.65328e-09;0.266219
18;0.65;0.00421;1.16233e-06;5.6444e-09;0.30428
18;0.65;0.0075;1.02868e-06;5.6308e-09;0.366106
18;0.65;0.0133;1.02868e-06;5.6308e-09;0.366106
18;0.9;0.00075;1.1413e-06;1.57517e-08;0.955102
18;0.9;0.00133;9.58105e-07;1.14689e-08;1.76091
18;0.9;0.00237;8.09901e-07;1.11752e-08;0.626342
18;0.9;0.00421;6.93685e-07;8.08185e-09;1.60026
18;0.9;0.0075;5.88936e-07;7.12662e-09;0.998421
18;0.9;0.0133;5.60539e-07;6.97014e-09;2.14659
28;0.04;0.00075;3.53581e-09;1.47832e-09;0.539002
28;0.04;0.00133;3.53581e-09;1.47832e-09;0.539002
28;0.1;0.00075;2.59476e-08;2.92388e-09;1.38946
28;0.1;0.00133;2.56557e-08;1.56069e-09;0.291062
28;0.1;0.00237;2.56557e-08;1.56069e-09;0.291062
28;0.1;0.00421;2.56557e-08;1.56069e-09;0.291062
28;0.2;0.00075;1.22682e-07;2.34652e-09;0.693808
28;0.2;0.00133;1.00871e-07;2.4499e-09;0.428426
28;0.2;0.00237;8.8498e-08;1.97168e-09;0.627699
28;0.2;0.00421;8.8498e-08;1.97168e-09;0.627699
28;0.2;0.0075;8.8498e-08;1.97168e-09;0.627699
28;0.4;0.00075;4.74743e-07;5.36338e-09;1.52968
28;0.4;0.00133;3.98182e-07;3.27832e-09;1.21436
28;0.4;0.00237;3.29302e-07;2.91997e-09;1.25537
28;0.4;0.00421;2.83236e-07;2.56248e-09;0.842635
28;0.4;0.0075;2.83236e-07;2.56248e-09;0.842635
28;0.4;0.0133;2.83236e-07;2.56248e-09;0.842635
28;0.65;0.00075;9.04155e-07;5.42313e-09;0.112205
28;0.65;0.00133;7.495e-07;4.10327e-09;1.0551
28;0.65;0.00237;6.29048e-07;3.65332e-09;1.41652
28;0.65;0.00421;5.30055e-07;3.65524e-09;1.8477
28;0.65;0.0075;4.68369e-07;3.3626e-09;1.48052
28;0.65;0.0133;4.68369e-07;3.3626e-09;1.48052
28;0.65;0.0237;4.68369e-07;3.3626e-09;1.48052
28;0.9;0.00133;4.41286e-07;8.425e-09;1.10073
28;0.9;0.00237;3.90309e-07;6.8939e-09;0.567238
28;0.9;0.00421;3.19891e-07;8.26679e-09;1.01265
28;0.9;0.0075;2.87293e-07;5.41714e-09;1.626
28;0.9;0.0133;2.6052e-07;4.25917e-09;2.14358
28;0.9;0.0237;2.6052e-07;4.25917e-09;2.14358
45;0.04;0.00133;2.46861e-09;6.45227e-10;1.26795
45;0.1;0.00133;1.02814e-08;9.22627e-10;0.559062
45;0.1;0.00237;1.02814e-08;9.22627e-10;0.559062
45;0.2;0.00133;3.78443e-08;9.22762e-10;1.55631
45;0.2;0.00237;3.5441e-08;9.29481e-10;0.36961
45;0.2;0.00421;3.5441e-08;9.29481e-10;0.36961
45;0.2;0.0075;3.5441e-08;9.29481e-10;0.36961
45;0.4;0.00133;1.6247e-07;1.51672e-09;0.106123
45;0.4;0.00237;1.34392e-07;1.27795e-09;1.35669
45;0.4;0.00421;1.16663e-07;1.44513e-09;0.429365
45;0.4;0.0075;1.16663e-07;1.44513e-09;0.429365
45;0.4;0.0133;1.16663e-07;1.44513e-09;0.429365
45;0.65;0.00133;3.19029e-07;1.82468e-09;0.643296
45;0.65;0.00237;2.6447e-07;1.48623e-09;1.53034
45;0.65;0.00421;2.23757e-07;1.31912e-09;0.525974
45;0.65;0.0075;1.93279e-07;1.26884e-09;1.00282
45;0.65;0.0133;1.93279e-07;1.26884e-09;1.00282
45;0.65;0.0237;1.93279e-07;1.26884e-09;1.00282
45;0.9;0.00237;1.65989e-07;2.49863e-09;0.281393
45;0.9;0.00421;1.45561e-07;2.35619e-09;2.82947
45;0.9;0.0075;1.20701e-07;1.97402e-09;1.32522
45;0.9;0.0133;1.12997e-07;2.46238e-09;0.462907
45;0.9;0.0237;1.12997e-07;2.46238e-09;0.462907
75;0.1;0.00237;3.31088e-09;2.95591e-10;0.68749
75;0.1;0.00421;3.31088e-09;2.95591e-10;0.68749
75;0.2;0.00237;1.2414e-08;5.49049e-10;0.701109
75;0.2;0.00421;1.2414e-08;5.49049e-10;0.701109
75;0.2;0.0075;1.2414e-08;5.49049e-10;0.701109
75;0.4;0.00237;4.9061e-08;6.99435e-10;1.49329
75;0.4;0.00421;4.08029e-08;4.6038e-10;0.991207
75;0.4;0.0075;4.08029e-08;4.6038e-10;0.991207
75;0.4;0.0133;4.08029e-08;4.6038e-10;0.991207
75;0.65;0.00237;1.02509e-07;8.44815e-10;0.645726
75;0.65;0.00421;8.58915e-08;1.13217e-09;0.258776
75;0.65;0.0075;7.4101e-08;6.16567e-10;1.50818
75;0.65;0.0133;7.4101e-08;6.16567e-10;1.50818
75;0.65;0.0237;7.4101e-08;6.16567e-10;1.50818
75;0.9;0.00421;5.44753e-08;9.387e-10;1.92914
75;0.9;0.0075;4.79946e-08;9.77811e-10;1.66152
75;0.9;0.0133;4.67322e-08;1.04823e-09;0.808115
75;0.9;0.0237;4.67322e-08;1.04823e-09;0.808115
