Q2 (GeV);beta;x;sigma (mb);sigma error (mb);fit
4.5;0.04;0.00012;6.55694e-08;4.37677e-09;0.852348
4.5;0.04;0.00029;4.68973e-08;3.58203e-09;0.606116
4.5;0.04;0.00067;4.4518e-08;3.97052e-09;2.01494
4.5;0.1;0.00012;5.20732e-07;7.78207e-09;0.606961
4.5;0.1;0.00029;3.72023e-07;5.64817e-09;0.154227
4.5;0.1;0.00067;2.71175e-07;4.76774e-09;0.415318
4.5;0.2;0.00012;1.96763e-06;1.11487e-08;1.51884
4.5;0.2;0.00029;1.41899e-06;8.24814e-09;1.07893
4.5;0.2;0.00067;1.06211e-06;8.00765e-09;0.974742
4.5;0.4;0.00012;1.80223e-06;4.64161e-09;1.80826
4.5;0.4;0.00029;1.32201e-06;3.29901e-09;2.6909
4.5;0.4;0.00067;9.91212e-07;2.70558e-09;2.09863
4.5;0.4;0.0016;7.31105e-07;1.71118e-09;2.16365
4.5;0.65;0.00012;0;0;0
4.5;0.65;0.00029;0;0;0
4.5;0.65;0.00067;0;0;0
4.5;0.65;0.0016;0;0;0
4.5;0.9;0.00029;0;0;0
4.5;0.9;0.00067;0;0;0
4.5;0.9;0.0016;0;0;0
7.5;0.04;0.0002;2.03548e-08;2.31674e-09;0.515769
7.5;0.04;0.0004;1.6172e-08;1.74459e-09;0.467103
7.5;0.04;0.00079;1.6172e-08;1.74459e-09;0.467103
7.5;0.1;0.0002;1.65033e-07;3.70904e-09;0.372053
7.5;0.1;0.0004;1.302e-07;4.06382e-09;0.4232
7.5;0.1;0.00079;9.44788e-08;2.64548e-09;0.41745
7.5;0.1;0.00158;8.89625e-08;2.64494e-09;1.64329
7.5;0.1;0.00316;8.89625e-08;2.64494e-09;1.64329
7.5;0.2;0.0002;7.05148e-07;5.74772e-09;1.84048
7.5;0.2;0.0004;5.41512e-07;4.88829e-09;1.16939
7.5;0.2;0.00079;4.25568e-07;3.82801e-09;1.39381
7.5;0.2;0.00158;3.25623e-07;3.23433e-09;0.311662
7.5;0.2;0.00316;2.98266e-07;3.01046e-09;2.22214
7.5;0.4;0.0002;1.80521e-06;5.98675e-09;1.05254
7.5;0.4;0.0004;1.40097e-06;4.97865e-09;1.78704
7.5;0.4;0.00079;1.10294e-06;4.90699e-09;1.36868
7.5;0.4;0.00158;8.52467e-07;3.53045e-09;1.06623
7.5;0.4;0.00316;6.66726e-07;2.64861e-09;1.41338
7.5;0.4;0.00668;6.15707e-07;2.41136e-09;0.541866
7.5;0.65;0.0002;0;0;0
7.5;0.65;0.0004;0;0;0
7.5;0.65;0.00079;0;0;0
7.5;0.65;0.00158;0;0;0
7.5;0.65;0.00316;0;0;0
7.5;0.65;0.00668;0;0;0
7.5;0.9;0.0004;0;0;0
7.5;0.9;0.00079;0;0;0
7.5;0.9;0.00158;0;0;0
7.5;0.9;0.00316;0;0;0
7.5;0.9;0.00668;0;0;0
7.5;0.9;0.01778;0;0;0
9;0.04;0.00024;1.41989e-08;1.59338e-09;0.618003
9;0.04;0.00042;1.09679e-08;1.48355e-09;3.1609
9;0.04;0.00075;1.09679e-08;1.48355e-09;3.1609
9;0.1;0.00024;1.06673e-07;3.26509e-09;2.1393
9;0.1;0.00042;8.53196e-08;2.47363e-09;0.34967
9;0.1;0.00075;7.06983e-08;1.82293e-09;0.68719
9;0.1;0.00133;6.20675e-08;1.79209e-09;0.0392258
9;0.1;0.00237;6.20675e-08;1.79209e-09;0.0392258
9;0.2;0.00024;4.83829e-07;5.07121e-09;1.41638
9;0.2;0.00042;3.85311e-07;3.67418e-09;0.846145
9;0.2;0.00075;3.13596e-07;3.1491e-09;1.20571
9;0.2;0.00133;2.55569e-07;3.2302e-09;0.18429
9;0.2;0.00237;2.13306e-07;2.11128e-09;2.28922
9;0.2;0.00421;2.13306e-07;2.11128e-09;2.28922
9;0.4;0.00024;1.34837e-06;5.31287e-09;1.00264
9;0.4;0.00042;1.09975e-06;6.09022e-09;1.35253
9;0.4;0.00075;8.81823e-07;3.81994e-09;2.60655
9;0.4;0.00133;7.22789e-07;3.67218e-09;1.35184
9;0.4;0.00237;5.85639e-07;3.89152e-09;1.44682
9;0.4;0.00421;4.84853e-07;2.11366e-09;0.924692
9;0.4;0.0075;4.84853e-07;2.11366e-09;0.924692
9;0.65;0.00024;0;0;0
9;0.65;0.00042;0;0;0
9;0.65;0.00075;0;0;0
9;0.65;0.00133;0;0;0
9;0.65;0.00237;0;0;0
9;0.65;0.00421;0;0;0
9;0.65;0.0075;0;0;0
9;0.9;0.00042;0;0;0
9;0.9;0.00075;0;0;0
9;0.9;0.00133;0;0;0
9;0.9;0.00237;0;0;0
9;0.9;0.00421;0;0;0
9;0.9;0.0075;0;0;0
12;0.04;0.00024;8.1809e-09;1.17435e-09;0.874429
12;0.04;0.00042;8.24699e-09;1.09111e-09;1.28501
12;0.04;0.00075;8.24699e-09;1.09111e-09;1.28501
12;0.04;0.00133;8.24699e-09;1.09111e-09;1.28501
12;0.1;0.00024;6.23156e-08;2.22098e-09;1.22939
12;0.1;0.00042;4.8945e-08;1.7935e-09;0.825562
12;0.1;0.00075;3.80964e-08;1.37603e-09;0.803922
12;0.1;0.00133;3.37014e-08;1.24167e-09;0.355778
12;0.1;0.00237;3.37014e-08;1.24167e-09;0.355778
12;0.2;0.00024;2.8563e-07;3.64485e-09;1.74065
12;0.2;0.00042;2.29627e-07;4.01944e-09;0.934949
12;0.2;0.00075;1.83983e-07;2.2913e-09;0.343977
12;0.2;0.00133;1.48616e-07;1.8068e-09;2.48966
12;0.2;0.00237;1.25323e-07;1.37202e-09;0.493298
12;0.2;0.00421;1.25323e-07;1.37202e-09;0.493298
12;0.2;0.0075;1.25323e-07;1.37202e-09;0.493298
12;0.4;0.00024;9.02286e-07;3.85445e-09;3.57438
12;0.4;0.00042;7.27825e-07;3.04705e-09;2.86893
12;0.4;0.00075;5.87277e-07;2.65214e-09;1.74742
12;0.4;0.00133;4.74107e-07;2.23363e-09;0.35662
12;0.4;0.00237;3.83219e-07;1.75601e-09;1.57991
12;0.4;0.00421;3.17719e-07;1.45609e-09;2.13774
12;0.4;0.0075;3.17719e-07;1.45609e-09;2.13774
12;0.65;0.00024;6.75394e-08;2.19231e-10;2.37175
12;0.65;0.00042;5.47854e-08;1.76013e-10;2.44535
12;0.65;0.00075;4.40836e-08;1.42965e-10;1.30061
12;0.65;0.00133;3.56586e-08;1.39327e-10;0.365134
12;0.65;0.00237;2.89206e-08;1.06976e-10;1.71546
12;0.65;0.00421;2.33827e-08;8.66802e-11;1.39025
12;0.65;0.0075;1.98299e-08;7.20567e-11;1.50552
12;0.9;0.00042;0;0;0
12;0.9;0.00075;0;0;0
12;0.9;0.00133;0;0;0
12;0.9;0.00237;0;0;0
12;0.9;0.00421;0;0;0
12;0.9;0.0075;0;0;0
18;0.04;0.00042;3.14733e-09;5.78236e-10;1.33024
18;0.04;0.00075;3.14733e-09;5.78236e-10;1.33024
18;0.04;0.00133;3.14733e-09;5.78236e-10;1.33024
18;0.1;0.00042;2.18731e-08;9.52584e-10;0.199861
18;0.1;0.00075;1.76978e-08;8.94898e-10;1.09008
18;0.1;0.00133;1.55484e-08;6.64553e-10;1.5848
18;0.1;0.00237;1.55484e-08;6.64553e-10;1.5848
18;0.1;0.00421;1.55484e-08;6.64553e-10;1.5848
18;0.2;0.00042;1.09492e-07;1.57223e-09;0.753561
18;0.2;0.00075;8.71334e-08;1.39941e-09;0.843452
18;0.2;0.00133;6.96529e-08;1.07837e-09;0.0800174
18;0.2;0.00237;5.80753e-08;8.14054e-10;0.218487
18;0.2;0.00421;5.80753e-08;8.14054e-10;0.218487
18;0.2;0.0075;5.80753e-08;8.14054e-10;0.218487
18;0.4;0.00042;3.87505e-07;2.15027e-09;2.14688
18;0.4;0.00075;3.0586e-07;3.2599e-09;0.603214
18;0.4;0.00133;2.45988e-07;1.55342e-09;2.71693
18;0.4;0.00237;1.98193e-07;1.08552e-09;2.22952
18;0.4;0.00421;1.62698e-07;1.45363e-09;0.904986
18;0.4;0.0075;1.62698e-07;1.45363e-09;0.904986
18;0.4;0.0133;1.62698e-07;1.45363e-09;0.904986
18;0.65;0.00042;3.88452e-07;1.68251e-09;1.63653
18;0.65;0.00075;3.11106e-07;1.2685e-09;0.697035
18;0.65;0.00133;2.50146e-07;8.27843e-10;2.15431
18;0.65;0.00237;2.00429e-07;9.24104e-10;3.6323
18;0.65;0.00421;1.61569e-07;6.90717e-10;1.35287
18;0.65;0.0075;1.37129e-07;5.64797e-10;1.34657
18;0.65;0.0133;1.37129e-07;5.64797e-10;1.34657
18;0.9;0.00075;0;0;0
18;0.9;0.00133;0;0;0
18;0.9;0.00237;0;0;0
18;0.9;0.00421;0;0;0
18;0.9;0.0075;0;0;0
18;0.9;0.0133;0;0;0
28;0.04;0.00075;1.51559e-09;3.27251e-10;0.261745
28;0.04;0.00133;1.51559e-09;3.27251e-10;0.261745
28;0.1;0.00075;7.07898e-09;3.92817e-10;0.272825
28;0.1;0.00133;6.37953e-09;4.53508e-10;0.558576
28;0.1;0.00237;6.37953e-09;4.53508e-10;0.558576
28;0.1;0.00421;6.37953e-09;4.53508e-10;0.558576
28;0.2;0.00075;3.761e-08;7.03598e-10;0.347511
28;0.2;0.00133;2.95891e-08;5.82661e-10;0.486223
28;0.2;0.00237;2.51846e-08;4.42869e-10;0.690512
28;0.2;0.00421;2.51846e-08;4.42869e-10;0.690512
28;0.2;0.0075;2.51846e-08;4.42869e-10;0.690512
28;0.4;0.00075;1.45491e-07;1.09208e-09;0.821457
28;0.4;0.00133;1.14531e-07;7.16578e-10;0.309024
28;0.4;0.00237;9.34093e-08;9.31749e-10;0.703748
28;0.4;0.00421;7.5551e-08;5.66715e-10;1.2779
28;0.4;0.0075;7.5551e-08;5.66715e-10;1.2779
28;0.4;0.0133;7.5551e-08;5.66715e-10;1.2779
28;0.65;0.00075;1.87637e-07;8.73837e-10;1.45657
28;0.65;0.00133;1.52697e-07;1.34127e-09;0.980578
28;0.65;0.00237;1.2141e-07;5.63268e-10;2.49809
28;0.65;0.00421;9.60305e-08;4.73916e-10;1.28967
28;0.65;0.0075;8.09926e-08;3.6551e-10;2.30807
28;0.65;0.0133;8.09926e-08;3.6551e-10;2.30807
28;0.65;0.0237;8.09926e-08;3.6551e-10;2.30807
28;0.9;0.00133;0;0;0
28;0.9;0.00237;0;0;0
28;0.9;0.00421;0;0;0
28;0.9;0.0075;0;0;0
28;0.9;0.0133;0;0;0
28;0.9;0.0237;0;0;0
45;0.04;0.00133;3.31043e-10;1.33553e-10;1.32315
45;0.1;0.00133;2.34949e-09;2.71448e-10;0.835351
45;0.1;0.00237;2.34949e-09;2.71448e-10;0.835351
45;0.2;0.00133;1.13884e-08;2.4811e-10;0.343389
45;0.2;0.00237;9.60587e-09;2.36656e-10;0.085664
45;0.2;0.00421;9.60587e-09;2.36656e-10;0.085664
45;0.2;0.0075;9.60587e-09;2.36656e-10;0.085664
45;0.4;0.00133;4.85051e-08;4.60264e-10;1.59863
45;0.4;0.00237;3.86199e-08;4.43736e-10;0.568213
45;0.4;0.00421;3.0984e-08;2.77262e-10;1.98362
45;0.4;0.0075;3.0984e-08;2.77262e-10;1.98362
45;0.4;0.0133;3.0984e-08;2.77262e-10;1.98362
45;0.65;0.00133;7.47139e-08;3.53332e-10;1.85017
45;0.65;0.00237;5.91053e-08;3.46428e-10;3.44745
45;0.65;0.00421;4.71487e-08;3.19961e-10;1.85062
45;0.65;0.0075;3.9143e-08;2.27333e-10;1.44278
45;0.65;0.0133;3.9143e-08;2.27333e-10;1.44278
45;0.65;0.0237;3.9143e-08;2.27333e-10;1.44278
45;0.9;0.00237;0;0;0
45;0.9;0.00421;0;0;0
45;0.9;0.0075;0;0;0
45;0.9;0.0133;0;0;0
45;0.9;0.0237;0;0;0
75;0.1;0.00237;9.50143e-10;1.09983e-10;0.697492
75;0.1;0.00421;9.50143e-10;1.09983e-10;0.697492
75;0.2;0.00237;3.7538e-09;2.46529e-10;1.24422
75;0.2;0.00421;3.7538e-09;2.46529e-10;1.24422
75;0.2;0.0075;3.7538e-09;2.46529e-10;1.24422
75;0.4;0.00237;1.48176e-08;1.8305e-10;1.15402
75;0.4;0.00421;1.17692e-08;1.32725e-10;0.447578
75;0.4;0.0075;1.17692e-08;1.32725e-10;0.447578
75;0.4;0.0133;1.17692e-08;1.32725e-10;0.447578
75;0.65;0.00237;2.48211e-08;1.69349e-10;2.95486
75;0.65;0.00421;1.9519e-08;1.15705e-10;1.64585
75;0.65;0.0075;1.63369e-08;1.17183e-10;1.68235
75;0.65;0.0133;1.63369e-08;1.17183e-10;1.68235
75;0.65;0.0237;1.63369e-08;1.17183e-10;1.68235
75;0.9;0.00421;3.16923e-09;4.32107e-11;0.47431
75;0.9;0.0075;2.46964e-09;3.04224e-11;2.02172
75;0.9;0.0133;2.28875e-09;2.60367e-11;1.44334
75;0.9;0.0237;2.28875e-09;2.60367e-11;1.44334
