Q2 (GeV);beta;x;sigma (mb);sigma error (mb);fit
4.5;0.04;0.00012;1.92261e-06;3.71409e-07;1.01223
4.5;0.04;0.00029;1.48853e-06;2.89073e-07;0.481292
4.5;0.04;0.00067;1.34866e-06;2.35774e-07;0.682551
4.5;0.1;0.00012;1.23148e-05;3.62046e-07;0.921141
4.5;0.1;0.00029;9.501e-06;3.55285e-07;0.960243
4.5;0.1;0.00067;7.31891e-06;2.59821e-07;0.512627
4.5;0.2;0.00012;5.12743e-05;7.99798e-07;0.71622
4.5;0.2;0.00029;4.04581e-05;4.21797e-07;0.849445
4.5;0.2;0.00067;3.17482e-05;3.27907e-07;0.795189
4.5;0.4;0.00012;0.000165551;9.9736e-07;0.237352
4.5;0.4;0.00029;0.000129677;7.67434e-07;0.666901
4.5;0.4;0.00067;0.000104314;6.32137e-07;0.506369
4.5;0.4;0.0016;8.29639e-05;4.50545e-07;0.63811
4.5;0.65;0.00012;0.000244224;1.44915e-06;0.414991
4.5;0.65;0.00029;0.000195067;1.13295e-06;0.056357
4.5;0.65;0.00067;0.000157437;7.33427e-07;0.367771
4.5;0.65;0.0016;0.000127407;8.87001e-07;0.577988
4.5;0.9;0.00029;0.000104895;1.55208e-06;0.236004
4.5;0.9;0.00067;8.6296e-05;1.34957e-06;1.4098
4.5;0.9;0.0016;6.8846e-05;7.95749e-07;0.971759
7.5;0.04;0.0002;5.05169e-07;9.88915e-08;0.85816
7.5;0.04;0.0004;4.28355e-07;1.06783e-07;1.36284
7.5;0.04;0.00079;4.28355e-07;1.06783e-07;1.36284
7.5;0.1;0.0002;3.89069e-06;1.64895e-07;1.56869
7.5;0.1;0.0004;3.42131e-06;2.14617e-07;0.273533
7.5;0.1;0.00079;2.59373e-06;1.24915e-07;1.00953
7.5;0.1;0.00158;2.57191e-06;1.28846e-07;0.311133
7.5;0.1;0.00316;2.57191e-06;1.28846e-07;0.311133
7.5;0.2;0.0002;1.73368e-05;2.47435e-07;1.27892
7.5;0.2;0.0004;1.38422e-05;2.3236e-07;0.991454
7.5;0.2;0.00079;1.15467e-05;1.84085e-07;1.47439
7.5;0.2;0.00158;9.32217e-06;2.0863e-07;0.877115
7.5;0.2;0.00316;8.93863e-06;1.61183e-07;0.528956
7.5;0.4;0.0002;6.04074e-05;3.64635e-07;1.3075
7.5;0.4;0.0004;5.04581e-05;8.09012e-07;0.87573
7.5;0.4;0.00079;4.18832e-05;3.69933e-07;0.346009
7.5;0.4;0.00158;3.4391e-05;2.92368e-07;0.343024
7.5;0.4;0.00316;2.89804e-05;2.52595e-07;0.283644
7.5;0.4;0.00668;2.66885e-05;3.2143e-07;0.59996
7.5;0.65;0.0002;9.86446e-05;4.81421e-07;0.369802
7.5;0.65;0.0004;8.14012e-05;4.08621e-07;0.912502
7.5;0.65;0.00079;6.87518e-05;3.96441e-07;0.530944
7.5;0.65;0.00158;5.72133e-05;2.96225e-07;0.838629
7.5;0.65;0.00316;4.7961e-05;3.11741e-07;0.687208
7.5;0.65;0.00668;4.08568e-05;2.26559e-07;0.696401
7.5;0.9;0.0004;4.60881e-05;6.52206e-07;0.385726
7.5;0.9;0.00079;3.93694e-05;6.08865e-07;0.535256
7.5;0.9;0.00158;3.32277e-05;3.94946e-07;0.469417
7.5;0.9;0.00316;2.75652e-05;3.1272e-07;0.177482
7.5;0.9;0.00668;2.38189e-05;3.56775e-07;1.45011
7.5;0.9;0.01778;2.20273e-05;2.61822e-07;0.5163
9;0.04;0.00024;2.97587e-07;9.19751e-08;2.13024
9;0.04;0.00042;2.76051e-07;6.42902e-08;1.23725
9;0.04;0.00075;2.76051e-07;6.42902e-08;1.23725
9;0.1;0.00024;2.6022e-06;1.41725e-07;0.311071
9;0.1;0.00042;2.27587e-06;1.17477e-07;0.413249
9;0.1;0.00075;1.73946e-06;1.0058e-07;1.90558
9;0.1;0.00133;1.59213e-06;1.88162e-07;0.923403
9;0.1;0.00237;1.59213e-06;1.88162e-07;0.923403
9;0.2;0.00024;1.15638e-05;2.20239e-07;0.381995
9;0.2;0.00042;9.50089e-06;2.05215e-07;0.528199
9;0.2;0.00075;8.13544e-06;2.00538e-07;1.32378
9;0.2;0.00133;6.90585e-06;1.27604e-07;0.60824
9;0.2;0.00237;6.33259e-06;9.26463e-08;0.182478
9;0.2;0.00421;6.33259e-06;9.26463e-08;0.182478
9;0.4;0.00024;4.19611e-05;3.39752e-07;1.28585
9;0.4;0.00042;3.53432e-05;2.61794e-07;1.26396
9;0.4;0.00075;3.02206e-05;2.10706e-07;1.51692
9;0.4;0.00133;2.59652e-05;1.75123e-07;0.339344
9;0.4;0.00237;2.23054e-05;1.9962e-07;0.272683
9;0.4;0.00421;1.9562e-05;1.35326e-07;0.20633
9;0.4;0.0075;1.9562e-05;1.35326e-07;0.20633
9;0.65;0.00024;6.94471e-05;3.09662e-07;0.359707
9;0.65;0.00042;5.96547e-05;2.75049e-07;1.08222
9;0.65;0.00075;5.10274e-05;2.23326e-07;0.332281
9;0.65;0.00133;4.38285e-05;1.97447e-07;1.20374
9;0.65;0.00237;3.80505e-05;2.62499e-07;0.618328
9;0.65;0.00421;3.33352e-05;2.3779e-07;0.231272
9;0.65;0.0075;2.98244e-05;1.47695e-07;0.962334
9;0.9;0.00042;3.46969e-05;4.99569e-07;0.783705
9;0.9;0.00075;2.96675e-05;2.96922e-07;0.421172
9;0.9;0.00133;2.62738e-05;3.39964e-07;0.295264
9;0.9;0.00237;2.22322e-05;3.08885e-07;0.61123
9;0.9;0.00421;1.92846e-05;2.70398e-07;0.733749
9;0.9;0.0075;1.71749e-05;2.09488e-07;0.135945
12;0.04;0.00024;2.70385e-07;4.94818e-08;1.8643
12;0.04;0.00042;8.64107e-08;5.75552e-08;0.273904
12;0.04;0.00075;8.64107e-08;5.75552e-08;0.273904
12;0.04;0.00133;8.64107e-08;5.75552e-08;0.273904
12;0.1;0.00024;1.42448e-06;8.37412e-08;0.319643
12;0.1;0.00042;1.25913e-06;6.99938e-08;1.16448
12;0.1;0.00075;1.0667e-06;5.19642e-08;1.22145
12;0.1;0.00133;9.55633e-07;6.75857e-08;2.33513
12;0.1;0.00237;9.55633e-07;6.75857e-08;2.33513
12;0.2;0.00024;6.74203e-06;1.0564e-07;0.585723
12;0.2;0.00042;5.56556e-06;1.09307e-07;0.552711
12;0.2;0.00075;4.69425e-06;1.36422e-07;1.26652
12;0.2;0.00133;4.08531e-06;8.77076e-08;1.46818
12;0.2;0.00237;3.57569e-06;6.90775e-08;0.13722
12;0.2;0.00421;3.57569e-06;6.90775e-08;0.13722
12;0.2;0.0075;3.57569e-06;6.90775e-08;0.13722
12;0.4;0.00024;2.50239e-05;1.47893e-07;0.736854
12;0.4;0.00042;2.15932e-05;2.33651e-07;0.194349
12;0.4;0.00075;1.80411e-05;1.39652e-07;0.525444
12;0.4;0.00133;1.53467e-05;9.82391e-08;0.0251646
12;0.4;0.00237;1.30966e-05;1.05542e-07;0.51381
12;0.4;0.00421;1.15568e-05;1.53404e-07;0.700047
12;0.4;0.0075;1.15568e-05;1.53404e-07;0.700047
12;0.65;0.00024;4.32588e-05;3.17806e-07;0.894191
12;0.65;0.00042;3.72158e-05;2.04537e-07;0.243795
12;0.65;0.00075;3.18581e-05;1.53889e-07;1.2703
12;0.65;0.00133;2.72237e-05;1.453e-07;0.322005
12;0.65;0.00237;2.33405e-05;1.28559e-07;1.21105
12;0.65;0.00421;2.02081e-05;9.86669e-08;0.930452
12;0.65;0.0075;1.80387e-05;1.18645e-07;0.936018
12;0.9;0.00042;2.22919e-05;2.55582e-07;0.212198
12;0.9;0.00075;1.86918e-05;2.77717e-07;0.497361
12;0.9;0.00133;1.64667e-05;2.13974e-07;0.853413
12;0.9;0.00237;1.43449e-05;1.83409e-07;0.354191
12;0.9;0.00421;1.21603e-05;1.68984e-07;1.60755
12;0.9;0.0075;1.10131e-05;1.56394e-07;0.421585
18;0.04;0.00042;6.75666e-08;2.12036e-08;2.32481
18;0.04;0.00075;6.75666e-08;2.12036e-08;2.32481
18;0.04;0.00133;6.75666e-08;2.12036e-08;2.32481
18;0.1;0.00042;5.88175e-07;4.42333e-08;1.56161
18;0.1;0.00075;4.36684e-07;4.12086e-08;1.3188
18;0.1;0.00133;4.45109e-07;2.81251e-08;1.69272
18;0.1;0.00237;4.45109e-07;2.81251e-08;1.69272
18;0.1;0.00421;4.45109e-07;2.81251e-08;1.69272
18;0.2;0.00042;2.46261e-06;5.87493e-08;1.19608
18;0.2;0.00075;2.2893e-06;6.38726e-08;0.736063
18;0.2;0.00133;1.71811e-06;4.20111e-08;1.9384
18;0.2;0.00237;1.60276e-06;4.97709e-08;1.858
18;0.2;0.00421;1.60276e-06;4.97709e-08;1.858
18;0.2;0.0075;1.60276e-06;4.97709e-08;1.858
18;0.4;0.00042;1.00215e-05;6.82561e-08;1.92782
18;0.4;0.00075;8.45298e-06;8.73836e-08;0.412017
18;0.4;0.00133;7.14886e-06;8.76995e-08;1.07522
18;0.4;0.00237;6.08094e-06;5.02484e-08;0.674576
18;0.4;0.00421;5.27294e-06;4.40951e-08;0.728276
18;0.4;0.0075;5.27294e-06;4.40951e-08;0.728276
18;0.4;0.0133;5.27294e-06;4.40951e-08;0.728276
18;0.65;0.00042;1.85555e-05;8.25075e-08;0.769312
18;0.65;0.00075;1.57765e-05;8.4576e-08;0.607038
18;0.65;0.00133;1.35685e-05;9.52091e-08;0.340274
18;0.65;0.00237;1.15168e-05;8.62693e-08;0.266144
18;0.65;0.00421;9.86862e-06;6.61321e-08;0.924277
18;0.65;0.0075;8.8529e-06;7.64538e-08;0.4012
18;0.65;0.0133;8.8529e-06;7.64538e-08;0.4012
18;0.9;0.00075;9.63701e-06;1.65756e-07;0.238059
18;0.9;0.00133;8.4153e-06;1.71587e-07;1.23639
18;0.9;0.00237;7.30214e-06;1.11675e-07;0.521098
18;0.9;0.00421;6.32562e-06;1.12589e-07;0.191687
18;0.9;0.0075;5.47041e-06;7.73827e-08;0.699095
18;0.9;0.0133;5.08948e-06;8.38959e-08;1.31657
28;0.04;0.00075;4.40172e-08;1.26177e-08;1.67218
28;0.04;0.00133;4.40172e-08;1.26177e-08;1.67218
28;0.1;0.00075;1.7889e-07;1.48379e-08;1.28117
28;0.1;0.00133;1.54074e-07;1.44755e-08;0.749858
28;0.1;0.00237;1.54074e-07;1.44755e-08;0.749858
28;0.1;0.00421;1.54074e-07;1.44755e-08;0.749858
28;0.2;0.00075;9.11253e-07;4.06582e-08;1.28619
28;0.2;0.00133;7.691e-07;2.05255e-08;1.16155
28;0.2;0.00237;6.80938e-07;1.86544e-08;0.661969
28;0.2;0.00421;6.80938e-07;1.86544e-08;0.661969
28;0.2;0.0075;6.80938e-07;1.86544e-08;0.661969
28;0.4;0.00075;3.70136e-06;3.8113e-08;0.231026
28;0.4;0.00133;3.14433e-06;3.66058e-08;1.21018
28;0.4;0.00237;2.61978e-06;2.59815e-08;0.679761
28;0.4;0.00421;2.31418e-06;3.10253e-08;0.231655
28;0.4;0.0075;2.31418e-06;3.10253e-08;0.231655
28;0.4;0.0133;2.31418e-06;3.10253e-08;0.231655
28;0.65;0.00075;7.30694e-06;5.72153e-08;1.13966
28;0.65;0.00133;6.14306e-06;3.63175e-08;2.47301
28;0.65;0.00237;5.23467e-06;5.47721e-08;0.60528
28;0.65;0.00421;4.40297e-06;4.05801e-08;0.84067
28;0.65;0.0075;3.99206e-06;3.91749e-08;0.547914
28;0.65;0.0133;3.99206e-06;3.91749e-08;0.547914
28;0.65;0.0237;3.99206e-06;3.91749e-08;0.547914
28;0.9;0.00133;3.94691e-06;5.23632e-08;0.399738
28;0.9;0.00237;3.39755e-06;5.06457e-08;0.866238
28;0.9;0.00421;2.91246e-06;4.52762e-08;0.890213
28;0.9;0.0075;2.52334e-06;2.71335e-08;0.0957432
28;0.9;0.0133;2.3811e-06;3.26197e-08;0.78669
28;0.9;0.0237;2.3811e-06;3.26197e-08;0.78669
45;0.04;0.00133;1.33077e-08;4.442e-09;1.48947
45;0.1;0.00133;7.73786e-08;5.99275e-09;1.47392
45;0.1;0.00237;7.73786e-08;5.99275e-09;1.47392
45;0.2;0.00133;2.98065e-07;7.91791e-09;0.874105
45;0.2;0.00237;2.73488e-07;9.89853e-09;0.229767
45;0.2;0.00421;2.73488e-07;9.89853e-09;0.229767
45;0.2;0.0075;2.73488e-07;9.89853e-09;0.229767
45;0.4;0.00133;1.22126e-06;1.48563e-08;0.393495
45;0.4;0.00237;1.0667e-06;1.02585e-08;0.884303
45;0.4;0.00421;8.99983e-07;8.91761e-09;0.097991
45;0.4;0.0075;8.99983e-07;8.91761e-09;0.097991
45;0.4;0.0133;8.99983e-07;8.91761e-09;0.097991
45;0.65;0.00133;2.55488e-06;1.35754e-08;0.809675
45;0.65;0.00237;2.16268e-06;1.48283e-08;1.08021
45;0.65;0.00421;1.83042e-06;1.42885e-08;1.61907
45;0.65;0.0075;1.60635e-06;1.00593e-08;1.13882
45;0.65;0.0133;1.60635e-06;1.00593e-08;1.13882
45;0.65;0.0237;1.60635e-06;1.00593e-08;1.13882
45;0.9;0.00237;1.47408e-06;2.57799e-08;0.977517
45;0.9;0.00421;1.24218e-06;2.4433e-08;0.59916
45;0.9;0.0075;1.08487e-06;1.40508e-08;0.788207
45;0.9;0.0133;1.01677e-06;1.42379e-08;0.352743
45;0.9;0.0237;1.01677e-06;1.42379e-08;0.352743
75;0.1;0.00237;2.69903e-08;3.97447e-09;0.689724
75;0.1;0.00421;2.69903e-08;3.97447e-09;0.689724
75;0.2;0.00237;9.3034e-08;3.83769e-09;0.399834
75;0.2;0.00421;9.3034e-08;3.83769e-09;0.399834
75;0.2;0.0075;9.3034e-08;3.83769e-09;0.399834
75;0.4;0.00237;3.85999e-07;3.767e-09;0.834747
75;0.4;0.00421;3.32272e-07;3.72166e-09;0.797568
75;0.4;0.0075;3.32272e-07;3.72166e-09;0.797568
75;0.4;0.0133;3.32272e-07;3.72166e-09;0.797568
75;0.65;0.00237;8.15706e-07;9.36547e-09;2.65777
75;0.65;0.00421;6.9369e-07;6.95539e-09;1.08252
75;0.65;0.0075;6.00858e-07;6.07647e-09;1.98161
75;0.65;0.0133;6.00858e-07;6.07647e-09;1.98161
75;0.65;0.0237;6.00858e-07;6.07647e-09;1.98161
75;0.9;0.00421;4.93275e-07;8.13386e-09;0.559817
75;0.9;0.0075;4.20035e-07;9.25855e-09;0.250378
75;0.9;0.0133;3.92565e-07;7.03647e-09;0.513532
75;0.9;0.0237;3.92565e-07;7.03647e-09;0.513532
