Q2 (GeV);beta;x;sigma (mb);sigma error (mb);fit
4.5;0.04;0.00012;2.79873e-08;2.01648e-08;1.74874
4.5;0.04;0.00029;1.69858e-08;1.48297e-08;0.54105
4.5;0.04;0.00067;1.31338e-08;1.65283e-08;2.16046
4.5;0.1;0.00012;7.43351e-08;2.99135e-08;3.3202
4.5;0.1;0.00029;8.24046e-08;2.52586e-08;1.29592
4.5;0.1;0.00067;8.5802e-08;1.9925e-08;0.880847
4.5;0.2;0.00012;4.18029e-07;3.94983e-08;1.0349
4.5;0.2;0.00029;3.33681e-07;3.31964e-08;0.128138
4.5;0.2;0.00067;2.99146e-07;2.96154e-08;1.2449
4.5;0.4;0.00012;3.87055e-06;6.58435e-08;1.42551
4.5;0.4;0.00029;2.84698e-06;5.66343e-08;0.848017
4.5;0.4;0.00067;2.12804e-06;4.2498e-08;0.8209
4.5;0.4;0.0016;1.62979e-06;2.87858e-08;0.527856
4.5;0.65;0.00012;2.60173e-05;9.4585e-08;0.801379
4.5;0.65;0.00029;1.92206e-05;7.64517e-08;1.1155
4.5;0.65;0.00067;1.45352e-05;5.69423e-08;0.911617
4.5;0.65;0.0016;1.09061e-05;4.29899e-08;0.77609
4.5;0.9;0.00029;6.49083e-05;9.98354e-08;0.243655
4.5;0.9;0.00067;4.98717e-05;7.5095e-08;0.845137
4.5;0.9;0.0016;3.8051e-05;7.16966e-08;0.318103
7.5;0.04;0.0002;-9.67896e-10;6.37843e-09;0.443794
7.5;0.04;0.0004;-9.71901e-10;4.97104e-09;1.90248
7.5;0.04;0.00079;-9.71901e-10;4.97104e-09;1.90248
7.5;0.1;0.0002;2.27939e-08;9.73642e-09;0.771787
7.5;0.1;0.0004;3.4378e-09;1.00998e-08;1.53916
7.5;0.1;0.00079;2.06895e-08;6.64264e-09;0.84615
7.5;0.1;0.00158;-3.62347e-09;6.99824e-09;2.34444
7.5;0.1;0.00316;-3.62347e-09;6.99824e-09;2.34444
7.5;0.2;0.0002;9.82751e-08;1.52787e-08;0.339889
7.5;0.2;0.0004;8.62205e-08;1.28296e-08;0.367308
7.5;0.2;0.00079;8.09665e-08;9.87765e-09;0.775675
7.5;0.2;0.00158;6.58176e-08;8.31518e-09;0.252865
7.5;0.2;0.00316;6.45101e-08;7.39836e-09;0.45604
7.5;0.4;0.0002;9.5917e-07;2.34448e-08;0.566102
7.5;0.4;0.0004;7.28374e-07;2.18454e-08;1.29781
7.5;0.4;0.00079;5.59207e-07;1.72664e-08;1.337
7.5;0.4;0.00158;4.50915e-07;1.28858e-08;1.49774
7.5;0.4;0.00316;3.60923e-07;1.32222e-08;0.964568
7.5;0.4;0.00668;3.51888e-07;1.40663e-08;0.561971
7.5;0.65;0.0002;7.8361e-06;3.30431e-08;1.04555
7.5;0.65;0.0004;6.1162e-06;2.81593e-08;0.805301
7.5;0.65;0.00079;4.81382e-06;2.26982e-08;0.670568
7.5;0.65;0.00158;3.77322e-06;1.825e-08;1.1807
7.5;0.65;0.00316;2.97125e-06;1.99338e-08;0.255925
7.5;0.65;0.00668;2.30173e-06;1.30724e-08;1.2226
7.5;0.9;0.0004;2.37398e-05;4.31225e-08;1.8058
7.5;0.9;0.00079;1.89765e-05;3.62028e-08;1.45448
7.5;0.9;0.00158;1.51274e-05;2.41861e-08;0.425766
7.5;0.9;0.00316;1.21093e-05;2.1102e-08;1.93752
7.5;0.9;0.00668;9.56811e-06;1.88642e-08;0.893727
7.5;0.9;0.01778;8.73552e-06;1.80248e-08;1.78569
9;0.04;0.00024;4.8956e-09;5.42114e-09;2.92023
9;0.04;0.00042;-1.98055e-10;3.3397e-09;1.37496
9;0.04;0.00075;-1.98055e-10;3.3397e-09;1.37496
9;0.1;0.00024;1.04309e-08;6.48159e-09;1.32331
9;0.1;0.00042;1.07575e-08;6.11925e-09;2.52512
9;0.1;0.00075;3.21407e-09;5.49474e-09;1.777
9;0.1;0.00133;8.9111e-09;4.74474e-09;1.51455
9;0.1;0.00237;8.9111e-09;4.74474e-09;1.51455
9;0.2;0.00024;4.79487e-08;1.16505e-08;1.24592
9;0.2;0.00042;3.99123e-08;8.13774e-09;0.320644
9;0.2;0.00075;4.67542e-08;8.79096e-09;0.492964
9;0.2;0.00133;4.29149e-08;6.44462e-09;0.406476
9;0.2;0.00237;4.14209e-08;5.69428e-09;0.305666
9;0.2;0.00421;4.14209e-08;5.69428e-09;0.305666
9;0.4;0.00024;5.7115e-07;1.7941e-08;0.594277
9;0.4;0.00042;4.5146e-07;1.26187e-08;1.34832
9;0.4;0.00075;3.69182e-07;1.08018e-08;1.38897
9;0.4;0.00133;3.00291e-07;9.25801e-09;0.893035
9;0.4;0.00237;2.2805e-07;7.88462e-09;0.0654233
9;0.4;0.00421;2.09793e-07;9.55197e-09;0.755087
9;0.4;0.0075;2.09793e-07;9.55197e-09;0.755087
9;0.65;0.00024;5.01221e-06;2.3595e-08;0.865812
9;0.65;0.00042;4.10716e-06;1.77894e-08;0.601209
9;0.65;0.00075;3.29716e-06;1.7393e-08;1.48562
9;0.65;0.00133;2.69031e-06;1.33329e-08;1.18021
9;0.65;0.00237;2.19654e-06;1.28609e-08;0.140772
9;0.65;0.00421;1.77371e-06;1.47061e-08;1.12431
9;0.65;0.0075;1.52335e-06;8.10938e-09;0.691771
9;0.9;0.00042;1.66861e-05;3.17953e-08;1.48054
9;0.9;0.00075;1.37451e-05;2.61965e-08;1.14072
9;0.9;0.00133;1.13176e-05;1.99753e-08;1.03661
9;0.9;0.00237;9.36132e-06;1.6276e-08;0.671957
9;0.9;0.00421;7.76893e-06;1.49564e-08;0.386217
9;0.9;0.0075;6.44384e-06;1.04432e-08;0.565522
12;0.04;0.00024;-3.377e-09;2.33085e-09;0.952975
12;0.04;0.00042;1.57273e-09;2.12549e-09;0.290518
12;0.04;0.00075;1.57273e-09;2.12549e-09;0.290518
12;0.04;0.00133;1.57273e-09;2.12549e-09;0.290518
12;0.1;0.00024;7.88954e-09;4.42118e-09;1.05724
12;0.1;0.00042;3.14212e-09;3.62637e-09;1.56739
12;0.1;0.00075;2.02488e-09;3.12058e-09;1.2923
12;0.1;0.00133;-1.76827e-09;2.72707e-09;1.11046
12;0.1;0.00237;-1.76827e-09;2.72707e-09;1.11046
12;0.2;0.00024;3.31684e-08;5.54602e-09;0.266518
12;0.2;0.00042;2.80207e-08;4.82804e-09;0.227933
12;0.2;0.00075;1.85905e-08;4.39051e-09;0.937158
12;0.2;0.00133;2.11744e-08;4.14409e-09;0.675685
12;0.2;0.00237;1.86354e-08;2.81103e-09;0.701922
12;0.2;0.00421;1.86354e-08;2.81103e-09;0.701922
12;0.2;0.0075;1.86354e-08;2.81103e-09;0.701922
12;0.4;0.00024;2.44359e-07;9.58739e-09;1.03928
12;0.4;0.00042;2.11726e-07;7.05368e-09;0.415127
12;0.4;0.00075;1.70575e-07;6.14747e-09;0.301351
12;0.4;0.00133;1.40162e-07;5.30735e-09;0.717737
12;0.4;0.00237;1.04985e-07;5.76719e-09;0.814141
12;0.4;0.00421;8.87578e-08;4.58072e-09;1.89705
12;0.4;0.0075;8.87578e-08;4.58072e-09;1.89705
12;0.65;0.00024;2.70512e-06;1.4015e-08;0.202117
12;0.65;0.00042;2.20436e-06;1.17587e-08;0.694592
12;0.65;0.00075;1.75101e-06;8.82328e-09;1.40084
12;0.65;0.00133;1.40579e-06;9.85532e-09;1.17562
12;0.65;0.00237;1.14504e-06;6.87496e-09;0.713367
12;0.65;0.00421;9.21652e-07;6.53285e-09;0.528475
12;0.65;0.0075;7.77473e-07;4.69614e-09;1.61559
12;0.9;0.00042;9.62651e-06;1.73361e-08;1.50889
12;0.9;0.00075;7.85488e-06;1.52653e-08;1.46706
12;0.9;0.00133;6.45998e-06;1.04803e-08;0.660247
12;0.9;0.00237;5.29976e-06;9.84619e-09;1.00223
12;0.9;0.00421;4.35859e-06;7.39675e-09;0.442437
12;0.9;0.0075;3.58784e-06;6.47166e-09;0.568564
18;0.04;0.00042;1.8773e-09;1.00983e-09;1.21001
18;0.04;0.00075;1.8773e-09;1.00983e-09;1.21001
18;0.04;0.00133;1.8773e-09;1.00983e-09;1.21001
18;0.1;0.00042;-7.20351e-10;1.83705e-09;0.882347
18;0.1;0.00075;1.44378e-09;1.19536e-09;0.60441
18;0.1;0.00133;8.2294e-10;1.09221e-09;1.08434
18;0.1;0.00237;8.2294e-10;1.09221e-09;1.08434
18;0.1;0.00421;8.2294e-10;1.09221e-09;1.08434
18;0.2;0.00042;1.15938e-08;2.40514e-09;1.05176
18;0.2;0.00075;8.86096e-09;1.6616e-09;0.362792
18;0.2;0.00133;5.40278e-09;1.71161e-09;2.11458
18;0.2;0.00237;5.62249e-09;1.33262e-09;1.17524
18;0.2;0.00421;5.62249e-09;1.33262e-09;1.17524
18;0.2;0.0075;5.62249e-09;1.33262e-09;1.17524
18;0.4;0.00042;6.80066e-08;3.66136e-09;0.469531
18;0.4;0.00075;5.05588e-08;3.25976e-09;0.520778
18;0.4;0.00133;4.68139e-08;2.33204e-09;1.14922
18;0.4;0.00237;3.23583e-08;2.27242e-09;0.95029
18;0.4;0.00421;3.19011e-08;2.45621e-09;0.97417
18;0.4;0.0075;3.19011e-08;2.45621e-09;0.97417
18;0.4;0.0133;3.19011e-08;2.45621e-09;0.97417
18;0.65;0.00042;8.78145e-07;5.31123e-09;1.21535
18;0.65;0.00075;6.97884e-07;4.7574e-09;0.890649
18;0.65;0.00133;5.55051e-07;6.85101e-09;2.11195
18;0.65;0.00237;4.41471e-07;3.23938e-09;1.29373
18;0.65;0.00421;3.52712e-07;2.52131e-09;1.1723
18;0.65;0.0075;2.92522e-07;2.5601e-09;1.46906
18;0.65;0.0133;2.92522e-07;2.5601e-09;1.46906
18;0.9;0.00075;3.49511e-06;6.33647e-09;0.825438
18;0.9;0.00133;2.83814e-06;5.19823e-09;0.787033
18;0.9;0.00237;2.30625e-06;3.92416e-09;0.992864
18;0.9;0.00421;1.88591e-06;4.60815e-09;0.549587
18;0.9;0.0075;1.53533e-06;2.98561e-09;0.426166
18;0.9;0.0133;1.43411e-06;2.7328e-09;3.10518
28;0.04;0.00075;-4.91186e-10;3.35222e-10;0.421219
28;0.04;0.00133;-4.91186e-10;3.35222e-10;0.421219
28;0.1;0.00075;-1.28005e-10;5.97787e-10;0.583299
28;0.1;0.00133;1.05235e-10;4.27532e-10;1.25165
28;0.1;0.00237;1.05235e-10;4.27532e-10;1.25165
28;0.1;0.00421;1.05235e-10;4.27532e-10;1.25165
28;0.2;0.00075;1.75739e-09;7.76729e-10;1.04161
28;0.2;0.00133;1.9967e-09;6.39726e-10;0.537846
28;0.2;0.00237;1.6545e-09;5.15203e-10;1.70114
28;0.2;0.00421;1.6545e-09;5.15203e-10;1.70114
28;0.2;0.0075;1.6545e-09;5.15203e-10;1.70114
28;0.4;0.00075;1.42361e-08;1.14016e-09;1.07891
28;0.4;0.00133;1.17779e-08;9.09383e-10;0.577621
28;0.4;0.00237;9.77026e-09;8.71347e-10;0.979011
28;0.4;0.00421;7.39371e-09;8.70658e-10;0.874694
28;0.4;0.0075;7.39371e-09;8.70658e-10;0.874694
28;0.4;0.0133;7.39371e-09;8.70658e-10;0.874694
28;0.65;0.00075;2.46286e-07;1.44524e-09;1.95492
28;0.65;0.00133;1.93524e-07;1.3596e-09;0.686843
28;0.65;0.00237;1.53801e-07;1.23582e-09;0.661647
28;0.65;0.00421;1.18501e-07;1.16537e-09;1.05301
28;0.65;0.0075;9.88885e-08;9.14294e-10;1.59076
28;0.65;0.0133;9.88885e-08;9.14294e-10;1.59076
28;0.65;0.0237;9.88885e-08;9.14294e-10;1.59076
28;0.9;0.00133;1.11702e-06;2.69654e-09;1.0646
28;0.9;0.00237;8.9799e-07;1.85881e-09;1.33083
28;0.9;0.00421;7.20755e-07;1.42408e-09;0.491621
28;0.9;0.0075;5.79469e-07;1.24386e-09;1.54251
28;0.9;0.0133;5.43011e-07;1.28358e-09;2.54308
28;0.9;0.0237;5.43011e-07;1.28358e-09;2.54308
45;0.04;0.00133;-1.04558e-10;1.26525e-10;1.03147
45;0.1;0.00133;-3.08831e-11;1.57217e-10;1.30659
45;0.1;0.00237;-3.08831e-11;1.57217e-10;1.30659
45;0.2;0.00133;6.15717e-10;2.38647e-10;0.452009
45;0.2;0.00237;1.44148e-10;2.56584e-10;0.750269
45;0.2;0.00421;1.44148e-10;2.56584e-10;0.750269
45;0.2;0.0075;1.44148e-10;2.56584e-10;0.750269
45;0.4;0.00133;2.45885e-09;4.19218e-10;1.09848
45;0.4;0.00237;2.51253e-09;2.8027e-10;1.2391
45;0.4;0.00421;2.23316e-09;3.10607e-10;0.793414
45;0.4;0.0075;2.23316e-09;3.10607e-10;0.793414
45;0.4;0.0133;2.23316e-09;3.10607e-10;0.793414
45;0.65;0.00133;6.08003e-08;5.29765e-10;0.317284
45;0.65;0.00237;4.63668e-08;4.16282e-10;0.620475
45;0.65;0.00421;3.57716e-08;3.60284e-10;1.2605
45;0.65;0.0075;2.9063e-08;2.74004e-10;2.8314
45;0.65;0.0133;2.9063e-08;2.74004e-10;2.8314
45;0.65;0.0237;2.9063e-08;2.74004e-10;2.8314
45;0.9;0.00237;3.13859e-07;1.00803e-09;1.6511
45;0.9;0.00421;2.47813e-07;6.43951e-10;1.39388
45;0.9;0.0075;1.96726e-07;4.56309e-10;1.84396
45;0.9;0.0133;1.81492e-07;3.66177e-10;3.66626
45;0.9;0.0237;1.81492e-07;3.66177e-10;3.66626
75;0.1;0.00237;6.00516e-11;5.47823e-11;0.31039
75;0.1;0.00421;6.00516e-11;5.47823e-11;0.31039
75;0.2;0.00237;1.34499e-11;6.38006e-11;0.839199
75;0.2;0.00421;1.34499e-11;6.38006e-11;0.839199
75;0.2;0.0075;1.34499e-11;6.38006e-11;0.839199
75;0.4;0.00237;6.43079e-10;9.23915e-11;0.0920813
75;0.4;0.00421;3.52623e-10;7.32535e-11;0.408931
75;0.4;0.0075;3.52623e-10;7.32535e-11;0.408931
75;0.4;0.0133;3.52623e-10;7.32535e-11;0.408931
75;0.65;0.00237;1.26991e-08;1.6552e-10;1.26329
75;0.65;0.00421;9.67199e-09;1.28363e-10;0.795563
75;0.65;0.0075;7.7695e-09;1.02454e-10;0.692353
75;0.65;0.0133;7.7695e-09;1.02454e-10;0.692353
75;0.65;0.0237;7.7695e-09;1.02454e-10;0.692353
75;0.9;0.00421;7.58385e-08;2.25513e-10;0.307333
75;0.9;0.0075;5.83669e-08;2.4375e-10;2.27328
75;0.9;0.0133;5.42676e-08;1.18679e-10;0.84427
75;0.9;0.0237;5.42676e-08;1.18679e-10;0.84427
