Q2 (GeV);beta;x;sigma (mb);sigma error (mb);fit
4.5;0.04;0.00012;4.04881e-07;2.79388e-08;1.58608
4.5;0.04;0.00029;3.49667e-07;2.87398e-08;1.93099
4.5;0.04;0.00067;2.75288e-07;1.97544e-08;1.88431
4.5;0.1;0.00012;3.27275e-06;5.66716e-08;1.33719
4.5;0.1;0.00029;2.40279e-06;3.81547e-08;1.01875
4.5;0.1;0.00067;1.76504e-06;2.63633e-08;1.78007
4.5;0.2;0.00012;1.20259e-05;5.91263e-08;1.30485
4.5;0.2;0.00029;8.86177e-06;5.06843e-08;1.96578
4.5;0.2;0.00067;6.6731e-06;3.73918e-08;0.197165
4.5;0.4;0.00012;1.07075e-05;3.58703e-08;2.93049
4.5;0.4;0.00029;8.01883e-06;2.04774e-08;1.75158
4.5;0.4;0.00067;6.10325e-06;1.45469e-08;1.49634
4.5;0.4;0.0016;4.62112e-06;1.54826e-08;2.80252
4.5;0.65;0.00012;0;0;0
4.5;0.65;0.00029;0;0;0
4.5;0.65;0.00067;0;0;0
4.5;0.65;0.0016;0;0;0
4.5;0.9;0.00029;0;0;0
4.5;0.9;0.00067;0;0;0
4.5;0.9;0.0016;0;0;0
7.5;0.04;0.0002;1.34455e-07;1.36578e-08;2.16877
7.5;0.04;0.0004;1.13695e-07;1.18724e-08;0.273339
7.5;0.04;0.00079;1.13695e-07;1.18724e-08;0.273339
7.5;0.1;0.0002;1.08064e-06;2.36171e-08;0.691968
7.5;0.1;0.0004;8.23831e-07;1.88404e-08;0.442681
7.5;0.1;0.00079;6.30464e-07;1.61024e-08;0.521522
7.5;0.1;0.00158;5.79308e-07;1.47346e-08;0.933439
7.5;0.1;0.00316;5.79308e-07;1.47346e-08;0.933439
7.5;0.2;0.0002;4.42859e-06;3.54152e-08;1.30405
7.5;0.2;0.0004;3.43256e-06;2.79979e-08;0.924805
7.5;0.2;0.00079;2.70612e-06;2.1879e-08;0.500856
7.5;0.2;0.00158;2.10222e-06;1.77953e-08;0.928486
7.5;0.2;0.00316;1.95634e-06;1.98275e-08;0.399255
7.5;0.4;0.0002;1.0983e-05;4.14197e-08;0.966539
7.5;0.4;0.0004;8.73493e-06;3.61611e-08;2.46131
7.5;0.4;0.00079;6.88775e-06;2.75766e-08;0.979117
7.5;0.4;0.00158;5.42751e-06;1.91478e-08;0.422637
7.5;0.4;0.00316;4.29697e-06;1.44841e-08;1.73
7.5;0.4;0.00668;3.94965e-06;1.56328e-08;0.882489
7.5;0.65;0.0002;0;0;0
7.5;0.65;0.0004;0;0;0
7.5;0.65;0.00079;0;0;0
7.5;0.65;0.00158;0;0;0
7.5;0.65;0.00316;0;0;0
7.5;0.65;0.00668;0;0;0
7.5;0.9;0.0004;0;0;0
7.5;0.9;0.00079;0;0;0
7.5;0.9;0.00158;0;0;0
7.5;0.9;0.00316;0;0;0
7.5;0.9;0.00668;0;0;0
7.5;0.9;0.01778;0;0;0
9;0.04;0.00024;9.60108e-08;1.19138e-08;2.10793
9;0.04;0.00042;6.60225e-08;8.96345e-09;1.28398
9;0.04;0.00075;6.60225e-08;8.96345e-09;1.28398
9;0.1;0.00024;7.14953e-07;2.33577e-08;0.633348
9;0.1;0.00042;5.66221e-07;1.66225e-08;0.563767
9;0.1;0.00075;4.62896e-07;1.26193e-08;0.269565
9;0.1;0.00133;3.95752e-07;1.31291e-08;0.631367
9;0.1;0.00237;3.95752e-07;1.31291e-08;0.631367
9;0.2;0.00024;3.04636e-06;2.6747e-08;1.38069
9;0.2;0.00042;2.5002e-06;2.18712e-08;1.09961
9;0.2;0.00075;2.02537e-06;1.86329e-08;0.311808
9;0.2;0.00133;1.62863e-06;1.54847e-08;1.46902
9;0.2;0.00237;1.39481e-06;1.60046e-08;1.04315
9;0.2;0.00421;1.39481e-06;1.60046e-08;1.04315
9;0.4;0.00024;8.2531e-06;3.54314e-08;0.675623
9;0.4;0.00042;6.82172e-06;2.85051e-08;0.450121
9;0.4;0.00075;5.56684e-06;2.57011e-08;0.998029
9;0.4;0.00133;4.57706e-06;2.54148e-08;0.307654
9;0.4;0.00237;3.7455e-06;1.46391e-08;1.33251
9;0.4;0.00421;3.13149e-06;1.37197e-08;1.49362
9;0.4;0.0075;3.13149e-06;1.37197e-08;1.49362
9;0.65;0.00024;0;0;0
9;0.65;0.00042;0;0;0
9;0.65;0.00075;0;0;0
9;0.65;0.00133;0;0;0
9;0.65;0.00237;0;0;0
9;0.65;0.00421;0;0;0
9;0.65;0.0075;0;0;0
9;0.9;0.00042;0;0;0
9;0.9;0.00075;0;0;0
9;0.9;0.00133;0;0;0
9;0.9;0.00237;0;0;0
9;0.9;0.00421;0;0;0
9;0.9;0.0075;0;0;0
12;0.04;0.00024;5.4857e-08;8.34935e-09;0.323253
12;0.04;0.00042;5.95974e-08;7.88068e-09;2.11407
12;0.04;0.00075;5.95974e-08;7.88068e-09;2.11407
12;0.04;0.00133;5.95974e-08;7.88068e-09;2.11407
12;0.1;0.00024;3.95034e-07;1.40189e-08;0.985951
12;0.1;0.00042;3.13053e-07;1.10981e-08;1.33393
12;0.1;0.00075;2.65583e-07;1.22509e-08;0.238157
12;0.1;0.00133;2.34809e-07;8.27866e-09;0.603213
12;0.1;0.00237;2.34809e-07;8.27866e-09;0.603213
12;0.2;0.00024;1.82396e-06;2.51352e-08;1.19057
12;0.2;0.00042;1.453e-06;1.64383e-08;1.05957
12;0.2;0.00075;1.1956e-06;1.29519e-08;0.602741
12;0.2;0.00133;9.79356e-07;1.23842e-08;0.628965
12;0.2;0.00237;8.26415e-07;8.50776e-09;1.21141
12;0.2;0.00421;8.26415e-07;8.50776e-09;1.21141
12;0.2;0.0075;8.26415e-07;8.50776e-09;1.21141
12;0.4;0.00024;5.54557e-06;2.58358e-08;0.944688
12;0.4;0.00042;4.54526e-06;1.86395e-08;3.25887
12;0.4;0.00075;3.72421e-06;1.73886e-08;2.40171
12;0.4;0.00133;3.01646e-06;1.59163e-08;1.73057
12;0.4;0.00237;2.46825e-06;1.1641e-08;1.07131
12;0.4;0.00421;2.07185e-06;1.12402e-08;1.21217
12;0.4;0.0075;2.07185e-06;1.12402e-08;1.21217
12;0.65;0.00024;4.09071e-07;1.2615e-09;1.69509
12;0.65;0.00042;3.37651e-07;1.14559e-09;2.12862
12;0.65;0.00075;2.75425e-07;9.27864e-10;1.60964
12;0.65;0.00133;2.25146e-07;8.07218e-10;2.15878
12;0.65;0.00237;1.83863e-07;6.0158e-10;3.0394
12;0.65;0.00421;1.51001e-07;5.04008e-10;2.05143
12;0.65;0.0075;1.28998e-07;4.60979e-10;1.21564
12;0.9;0.00042;0;0;0
12;0.9;0.00075;0;0;0
12;0.9;0.00133;0;0;0
12;0.9;0.00237;0;0;0
12;0.9;0.00421;0;0;0
12;0.9;0.0075;0;0;0
18;0.04;0.00042;2.35944e-08;6.10017e-09;0.71632
18;0.04;0.00075;2.35944e-08;6.10017e-09;0.71632
18;0.04;0.00133;2.35944e-08;6.10017e-09;0.71632
18;0.1;0.00042;1.46311e-07;7.55474e-09;0.366853
18;0.1;0.00075;1.18582e-07;4.71796e-09;0.392911
18;0.1;0.00133;9.49508e-08;4.59897e-09;1.79427
18;0.1;0.00237;9.49508e-08;4.59897e-09;1.79427
18;0.1;0.00421;9.49508e-08;4.59897e-09;1.79427
18;0.2;0.00042;7.00205e-07;7.88193e-09;0.175
18;0.2;0.00075;5.54948e-07;9.34194e-09;1.7315
18;0.2;0.00133;4.59947e-07;6.44394e-09;2.38511
18;0.2;0.00237;3.92244e-07;6.22824e-09;0.0607708
18;0.2;0.00421;3.92244e-07;6.22824e-09;0.0607708
18;0.2;0.0075;3.92244e-07;6.22824e-09;0.0607708
18;0.4;0.00042;2.42085e-06;1.13906e-08;2.3772
18;0.4;0.00075;1.98298e-06;1.26644e-08;0.800554
18;0.4;0.00133;1.58715e-06;9.1037e-09;0.988167
18;0.4;0.00237;1.28739e-06;7.15205e-09;1.70139
18;0.4;0.00421;1.062e-06;6.69094e-09;1.45297
18;0.4;0.0075;1.062e-06;6.69094e-09;1.45297
18;0.4;0.0133;1.062e-06;6.69094e-09;1.45297
18;0.65;0.00042;2.43905e-06;1.38196e-08;1.88656
18;0.65;0.00075;1.95748e-06;1.02533e-08;1.11969
18;0.65;0.00133;1.59246e-06;6.07953e-09;2.72407
18;0.65;0.00237;1.29439e-06;5.60583e-09;3.29471
18;0.65;0.00421;1.04671e-06;4.60982e-09;0.950652
18;0.65;0.0075;8.91467e-07;3.82375e-09;1.36699
18;0.65;0.0133;8.91467e-07;3.82375e-09;1.36699
18;0.9;0.00075;0;0;0
18;0.9;0.00133;0;0;0
18;0.9;0.00237;0;0;0
18;0.9;0.00421;0;0;0
18;0.9;0.0075;0;0;0
18;0.9;0.0133;0;0;0
28;0.04;0.00075;1.48123e-08;3.3578e-09;1.27179
28;0.04;0.00133;1.48123e-08;3.3578e-09;1.27179
28;0.1;0.00075;5.28349e-08;5.20479e-09;0.289362
28;0.1;0.00133;4.73574e-08;2.46898e-09;0.70798
28;0.1;0.00237;4.73574e-08;2.46898e-09;0.70798
28;0.1;0.00421;4.73574e-08;2.46898e-09;0.70798
28;0.2;0.00075;2.45783e-07;4.68471e-09;0.650767
28;0.2;0.00133;1.92052e-07;3.31859e-09;0.94714
28;0.2;0.00237;1.66032e-07;2.96764e-09;0.280066
28;0.2;0.00421;1.66032e-07;2.96764e-09;0.280066
28;0.2;0.0075;1.66032e-07;2.96764e-09;0.280066
28;0.4;0.00075;9.12692e-07;6.68761e-09;0.385323
28;0.4;0.00133;7.41197e-07;4.58131e-09;2.14882
28;0.4;0.00237;5.98639e-07;3.90688e-09;1.44032
28;0.4;0.00421;4.90338e-07;3.18673e-09;1.67986
28;0.4;0.0075;4.90338e-07;3.18673e-09;1.67986
28;0.4;0.0133;4.90338e-07;3.18673e-09;1.67986
28;0.65;0.00075;1.19863e-06;5.89234e-09;2.06151
28;0.65;0.00133;9.70218e-07;4.70738e-09;0.664698
28;0.65;0.00237;7.74763e-07;3.51886e-09;0.258803
28;0.65;0.00421;6.27317e-07;3.03488e-09;1.58642
28;0.65;0.0075;5.35479e-07;2.8023e-09;1.34599
28;0.65;0.0133;5.35479e-07;2.8023e-09;1.34599
28;0.65;0.0237;5.35479e-07;2.8023e-09;1.34599
28;0.9;0.00133;0;0;0
28;0.9;0.00237;0;0;0
28;0.9;0.00421;0;0;0
28;0.9;0.0075;0;0;0
28;0.9;0.0133;0;0;0
28;0.9;0.0237;0;0;0
45;0.04;0.00133;2.02621e-09;1.38588e-09;0.212897
45;0.1;0.00133;1.7621e-08;1.19853e-09;1.34523
45;0.1;0.00237;1.7621e-08;1.19853e-09;1.34523
45;0.2;0.00133;7.72519e-08;2.07191e-09;0.759099
45;0.2;0.00237;6.53683e-08;1.41413e-09;0.568725
45;0.2;0.00421;6.53683e-08;1.41413e-09;0.568725
45;0.2;0.0075;6.53683e-08;1.41413e-09;0.568725
45;0.4;0.00133;3.19394e-07;2.7239e-09;0.652596
45;0.4;0.00237;2.50544e-07;2.35764e-09;0.2337
45;0.4;0.00421;2.06631e-07;2.33146e-09;1.58543
45;0.4;0.0075;2.06631e-07;2.33146e-09;1.58543
45;0.4;0.0133;2.06631e-07;2.33146e-09;1.58543
45;0.65;0.00133;4.76068e-07;2.9955e-09;0.614764
45;0.65;0.00237;3.82874e-07;2.24634e-09;1.0753
45;0.65;0.00421;3.04795e-07;1.70313e-09;0.511799
45;0.65;0.0075;2.58755e-07;1.37947e-09;3.43998
45;0.65;0.0133;2.58755e-07;1.37947e-09;3.43998
45;0.65;0.0237;2.58755e-07;1.37947e-09;3.43998
45;0.9;0.00237;0;0;0
45;0.9;0.00421;0;0;0
45;0.9;0.0075;0;0;0
45;0.9;0.0133;0;0;0
45;0.9;0.0237;0;0;0
75;0.1;0.00237;5.80458e-09;8.34005e-10;1.23161
75;0.1;0.00421;5.80458e-09;8.34005e-10;1.23161
75;0.2;0.00237;2.28472e-08;8.0853e-10;0.855324
75;0.2;0.00421;2.28472e-08;8.0853e-10;0.855324
75;0.2;0.0075;2.28472e-08;8.0853e-10;0.855324
75;0.4;0.00237;9.76147e-08;9.68047e-10;1.46492
75;0.4;0.00421;7.81357e-08;7.48573e-10;0.607403
75;0.4;0.0075;7.81357e-08;7.48573e-10;0.607403
75;0.4;0.0133;7.81357e-08;7.48573e-10;0.607403
75;0.65;0.00237;1.61213e-07;1.22684e-09;0.0340135
75;0.65;0.00421;1.30101e-07;1.0521e-09;0.62328
75;0.65;0.0075;1.07403e-07;7.19792e-10;0.890818
75;0.65;0.0133;1.07403e-07;7.19792e-10;0.890818
75;0.65;0.0237;1.07403e-07;7.19792e-10;0.890818
75;0.9;0.00421;2.1289e-08;4.58111e-10;1.47964
75;0.9;0.0075;1.63967e-08;1.98099e-10;0.90951
75;0.9;0.0133;1.54368e-08;1.66192e-10;1.6274
75;0.9;0.0237;1.54368e-08;1.66192e-10;1.6274
