Q2 (GeV);beta;x;sigma (mb);sigma error (mb);fit
4.5;0.04;0.00012;4.44859e-09;5.12048e-09;0.80211
4.5;0.04;0.00029;-5.82095e-09;3.87881e-09;0.0872212
4.5;0.04;0.00067;-9.87154e-10;3.91442e-09;0.104958
4.5;0.1;0.00012;5.90704e-08;9.26509e-09;0.840627
4.5;0.1;0.00029;4.71025e-08;8.03142e-09;1.70959
4.5;0.1;0.00067;3.838e-08;5.41823e-09;0.999436
4.5;0.2;0.00012;1.24733e-06;1.37599e-08;1.19021
4.5;0.2;0.00029;8.71838e-07;1.06845e-08;0.99653
4.5;0.2;0.00067;6.39107e-07;9.164e-09;3.57253
4.5;0.4;0.00012;7.01994e-06;1.21258e-08;0.79374
4.5;0.4;0.00029;5.24633e-06;8.52683e-09;0.564134
4.5;0.4;0.00067;3.98769e-06;6.86318e-09;0.666847
4.5;0.4;0.0016;3.00919e-06;4.6979e-09;2.0916
4.5;0.65;0.00012;0;0;0
4.5;0.65;0.00029;0;0;0
4.5;0.65;0.00067;0;0;0
4.5;0.65;0.0016;0;0;0
4.5;0.9;0.00029;0;0;0
4.5;0.9;0.00067;0;0;0
4.5;0.9;0.0016;0;0;0
7.5;0.04;0.0002;1.22836e-09;3.49559e-09;0.26614
7.5;0.04;0.0004;1.38383e-09;2.99182e-09;0.433278
7.5;0.04;0.00079;1.38383e-09;2.99182e-09;0.433278
7.5;0.1;0.0002;1.23347e-08;6.20525e-09;1.1557
7.5;0.1;0.0004;1.18162e-08;4.71483e-09;0.712625
7.5;0.1;0.00079;1.65791e-08;4.01193e-09;0.633635
7.5;0.1;0.00158;1.62216e-08;4.09528e-09;1.39047
7.5;0.1;0.00316;1.62216e-08;4.09528e-09;1.39047
7.5;0.2;0.0002;2.22653e-07;8.19107e-09;1.64207
7.5;0.2;0.0004;1.80438e-07;8.72552e-09;0.649906
7.5;0.2;0.00079;1.30158e-07;5.91927e-09;2.31392
7.5;0.2;0.00158;9.92091e-08;4.81357e-09;0.426396
7.5;0.2;0.00316;9.01905e-08;4.44655e-09;1.47289
7.5;0.4;0.0002;5.14158e-06;1.69543e-08;1.32039
7.5;0.4;0.0004;4.00642e-06;1.05072e-08;1.19863
7.5;0.4;0.00079;3.13416e-06;9.33195e-09;1.24907
7.5;0.4;0.00158;2.43456e-06;7.00603e-09;2.18265
7.5;0.4;0.00316;1.89796e-06;7.26323e-09;1.14829
7.5;0.4;0.00668;1.73975e-06;5.81059e-09;0.629885
7.5;0.65;0.0002;0;0;0
7.5;0.65;0.0004;0;0;0
7.5;0.65;0.00079;0;0;0
7.5;0.65;0.00158;0;0;0
7.5;0.65;0.00316;0;0;0
7.5;0.65;0.00668;0;0;0
7.5;0.9;0.0004;0;0;0
7.5;0.9;0.00079;0;0;0
7.5;0.9;0.00158;0;0;0
7.5;0.9;0.00316;0;0;0
7.5;0.9;0.00668;0;0;0
7.5;0.9;0.01778;0;0;0
9;0.04;0.00024;2.71939e-11;2.85991e-09;0.702182
9;0.04;0.00042;3.65262e-09;2.93882e-09;1.56424
9;0.04;0.00075;3.65262e-09;2.93882e-09;1.56424
9;0.1;0.00024;1.71902e-08;7.96131e-09;1.88195
9;0.1;0.00042;1.25525e-08;4.09732e-09;2.5763
9;0.1;0.00075;9.16955e-09;3.11048e-09;1.37344
9;0.1;0.00133;6.68735e-09;3.12594e-09;2.05457
9;0.1;0.00237;6.68735e-09;3.12594e-09;2.05457
9;0.2;0.00024;1.12241e-07;7.1495e-09;0.455153
9;0.2;0.00042;1.05291e-07;6.83421e-09;0.576494
9;0.2;0.00075;8.11857e-08;5.43207e-09;2.14813
9;0.2;0.00133;6.17049e-08;3.93681e-09;0.458982
9;0.2;0.00237;5.43309e-08;3.72343e-09;0.769228
9;0.2;0.00421;5.43309e-08;3.72343e-09;0.769228
9;0.4;0.00024;3.28572e-06;1.28152e-08;1.24703
9;0.4;0.00042;2.67804e-06;1.09004e-08;0.882212
9;0.4;0.00075;2.14061e-06;8.504e-09;0.213732
9;0.4;0.00133;1.73481e-06;6.87124e-09;0.737694
9;0.4;0.00237;1.3948e-06;5.77474e-09;0.57495
9;0.4;0.00421;1.14373e-06;4.61147e-09;0.521544
9;0.4;0.0075;1.14373e-06;4.61147e-09;0.521544
9;0.65;0.00024;0;0;0
9;0.65;0.00042;0;0;0
9;0.65;0.00075;0;0;0
9;0.65;0.00133;0;0;0
9;0.65;0.00237;0;0;0
9;0.65;0.00421;0;0;0
9;0.65;0.0075;0;0;0
9;0.9;0.00042;0;0;0
9;0.9;0.00075;0;0;0
9;0.9;0.00133;0;0;0
9;0.9;0.00237;0;0;0
9;0.9;0.00421;0;0;0
9;0.9;0.0075;0;0;0
12;0.04;0.00024;2.77345e-09;2.19134e-09;0.234503
12;0.04;0.00042;3.64678e-09;1.91335e-09;0.0687782
12;0.04;0.00075;3.64678e-09;1.91335e-09;0.0687782
12;0.04;0.00133;3.64678e-09;1.91335e-09;0.0687782
12;0.1;0.00024;6.27619e-09;3.5756e-09;0.423664
12;0.1;0.00042;9.62518e-09;3.32504e-09;0.309166
12;0.1;0.00075;6.86688e-09;2.59916e-09;0.700277
12;0.1;0.00133;9.62595e-09;3.01786e-09;0.316485
12;0.1;0.00237;9.62595e-09;3.01786e-09;0.316485
12;0.2;0.00024;4.17824e-08;5.85476e-09;0.111703
12;0.2;0.00042;4.68986e-08;4.60119e-09;1.19516
12;0.2;0.00075;3.40705e-08;3.75863e-09;1.00576
12;0.2;0.00133;2.67122e-08;3.37378e-09;0.706752
12;0.2;0.00237;2.50458e-08;3.04465e-09;0.29344
12;0.2;0.00421;2.50458e-08;3.04465e-09;0.29344
12;0.2;0.0075;2.50458e-08;3.04465e-09;0.29344
12;0.4;0.00024;1.65804e-06;1.03261e-08;0.775031
12;0.4;0.00042;1.34563e-06;9.17711e-09;0.761268
12;0.4;0.00075;1.06799e-06;8.20124e-09;2.55434
12;0.4;0.00133;8.46393e-07;5.21876e-09;0.850126
12;0.4;0.00237;6.74486e-07;5.30569e-09;1.32565
12;0.4;0.00421;5.37008e-07;3.91244e-09;0.431967
12;0.4;0.0075;5.37008e-07;3.91244e-09;0.431967
12;0.65;0.00024;7.63913e-07;1.23741e-09;0.625859
12;0.65;0.00042;6.2869e-07;1.08429e-09;0.599174
12;0.65;0.00075;5.12628e-07;9.0431e-10;1.08786
12;0.65;0.00133;4.19468e-07;7.02022e-10;0.692909
12;0.65;0.00237;3.42617e-07;5.40447e-10;0.257978
12;0.65;0.00421;2.7979e-07;4.99007e-10;0.606437
12;0.65;0.0075;2.40135e-07;3.94186e-10;0.0497876
12;0.9;0.00042;0;0;0
12;0.9;0.00075;0;0;0
12;0.9;0.00133;0;0;0
12;0.9;0.00237;0;0;0
12;0.9;0.00421;0;0;0
12;0.9;0.0075;0;0;0
18;0.04;0.00042;2.59083e-09;1.16048e-09;1.9765
18;0.04;0.00075;2.59083e-09;1.16048e-09;1.9765
18;0.04;0.00133;2.59083e-09;1.16048e-09;1.9765
18;0.1;0.00042;5.64087e-10;2.04066e-09;1.08042
18;0.1;0.00075;2.54421e-09;1.76624e-09;0.660702
18;0.1;0.00133;1.06938e-09;1.61729e-09;0.0733133
18;0.1;0.00237;1.06938e-09;1.61729e-09;0.0733133
18;0.1;0.00421;1.06938e-09;1.61729e-09;0.0733133
18;0.2;0.00042;1.45935e-08;3.1572e-09;0.701746
18;0.2;0.00075;1.12868e-08;2.52199e-09;0.450727
18;0.2;0.00133;8.21759e-09;2.1725e-09;1.03155
18;0.2;0.00237;7.55506e-09;2.92095e-09;1.26006
18;0.2;0.00421;7.55506e-09;2.92095e-09;1.26006
18;0.2;0.0075;7.55506e-09;2.92095e-09;1.26006
18;0.4;0.00042;4.52349e-07;5.26454e-09;1.25294
18;0.4;0.00075;3.51626e-07;4.0128e-09;1.11094
18;0.4;0.00133;2.79437e-07;4.13604e-09;1.31829
18;0.4;0.00237;2.12265e-07;3.09955e-09;0.30268
18;0.4;0.00421;1.71501e-07;2.39306e-09;1.48149
18;0.4;0.0075;1.71501e-07;2.39306e-09;1.48149
18;0.4;0.0133;1.71501e-07;2.39306e-09;1.48149
18;0.65;0.00042;3.51498e-06;7.81348e-09;1.9113
18;0.65;0.00075;2.83938e-06;5.45838e-09;0.698993
18;0.65;0.00133;2.28597e-06;4.66101e-09;2.14267
18;0.65;0.00237;1.83873e-06;3.46676e-09;0.67373
18;0.65;0.00421;1.47868e-06;3.0642e-09;1.34403
18;0.65;0.0075;1.24769e-06;2.73478e-09;1.88607
18;0.65;0.0133;1.24769e-06;2.73478e-09;1.88607
18;0.9;0.00075;0;0;0
18;0.9;0.00133;0;0;0
18;0.9;0.00237;0;0;0
18;0.9;0.00421;0;0;0
18;0.9;0.0075;0;0;0
18;0.9;0.0133;0;0;0
28;0.04;0.00075;6.63751e-10;8.66971e-10;0.843216
28;0.04;0.00133;6.63751e-10;8.66971e-10;0.843216
28;0.1;0.00075;1.88496e-09;9.84647e-10;0.087442
28;0.1;0.00133;6.16432e-10;8.48115e-10;0.376922
28;0.1;0.00237;6.16432e-10;8.48115e-10;0.376922
28;0.1;0.00421;6.16432e-10;8.48115e-10;0.376922
28;0.2;0.00075;3.58684e-09;1.3585e-09;0.462576
28;0.2;0.00133;4.82498e-09;1.35274e-09;0.350532
28;0.2;0.00237;2.86934e-09;1.11121e-09;2.27979
28;0.2;0.00421;2.86934e-09;1.11121e-09;2.27979
28;0.2;0.0075;2.86934e-09;1.11121e-09;2.27979
28;0.4;0.00075;9.8993e-08;2.12729e-09;0.363155
28;0.4;0.00133;7.60041e-08;1.76729e-09;0.324953
28;0.4;0.00237;5.78751e-08;1.45316e-09;1.79661
28;0.4;0.00421;4.4893e-08;1.09479e-09;1.51799
28;0.4;0.0075;4.4893e-08;1.09479e-09;1.51799
28;0.4;0.0133;4.4893e-08;1.09479e-09;1.51799
28;0.65;0.00075;1.23136e-06;4.29545e-09;1.8296
28;0.65;0.00133;9.76602e-07;3.05551e-09;1.28625
28;0.65;0.00237;7.7373e-07;2.12516e-09;1.55188
28;0.65;0.00421;6.12082e-07;1.90688e-09;1.0619
28;0.65;0.0075;5.08233e-07;1.76335e-09;1.94686
28;0.65;0.0133;5.08233e-07;1.76335e-09;1.94686
28;0.65;0.0237;5.08233e-07;1.76335e-09;1.94686
28;0.9;0.00133;0;0;0
28;0.9;0.00237;0;0;0
28;0.9;0.00421;0;0;0
28;0.9;0.0075;0;0;0
28;0.9;0.0133;0;0;0
28;0.9;0.0237;0;0;0
45;0.04;0.00133;5.86016e-11;3.08053e-10;0.496473
45;0.1;0.00133;7.385e-10;3.99263e-10;0.288365
45;0.1;0.00237;7.385e-10;3.99263e-10;0.288365
45;0.2;0.00133;8.83643e-10;6.54354e-10;0.809542
45;0.2;0.00237;1.48653e-09;4.51048e-10;0.706938
45;0.2;0.00421;1.48653e-09;4.51048e-10;0.706938
45;0.2;0.0075;1.48653e-09;4.51048e-10;0.706938
45;0.4;0.00133;1.72581e-08;9.38399e-10;0.234395
45;0.4;0.00237;1.30439e-08;7.67909e-10;0.888276
45;0.4;0.00421;1.04498e-08;6.07793e-10;0.654079
45;0.4;0.0075;1.04498e-08;6.07793e-10;0.654079
45;0.4;0.0133;1.04498e-08;6.07793e-10;0.654079
45;0.65;0.00133;3.23868e-07;1.15634e-09;2.24757
45;0.65;0.00237;2.52511e-07;1.27788e-09;0.915728
45;0.65;0.00421;1.94966e-07;9.47408e-10;0.666145
45;0.65;0.0075;1.60693e-07;8.69427e-10;0.33108
45;0.65;0.0133;1.60693e-07;8.69427e-10;0.33108
45;0.65;0.0237;1.60693e-07;8.69427e-10;0.33108
45;0.9;0.00237;0;0;0
45;0.9;0.00421;0;0;0
45;0.9;0.0075;0;0;0
45;0.9;0.0133;0;0;0
45;0.9;0.0237;0;0;0
75;0.1;0.00237;-1.07483e-10;1.92467e-10;1.25283
75;0.1;0.00421;-1.07483e-10;1.92467e-10;1.25283
75;0.2;0.00237;1.12722e-10;1.74509e-10;0.4498
75;0.2;0.00421;1.12722e-10;1.74509e-10;0.4498
75;0.2;0.0075;1.12722e-10;1.74509e-10;0.4498
75;0.4;0.00237;2.6099e-09;3.06301e-10;2.74957
75;0.4;0.00421;2.51356e-09;2.34848e-10;0.303053
75;0.4;0.0075;2.51356e-09;2.34848e-10;0.303053
75;0.4;0.0133;2.51356e-09;2.34848e-10;0.303053
75;0.65;0.00237;6.89286e-08;4.32547e-10;0.908842
75;0.65;0.00421;5.22238e-08;4.01537e-10;1.106
75;0.65;0.0075;4.25017e-08;5.50211e-10;0.192737
75;0.65;0.0133;4.25017e-08;5.50211e-10;0.192737
75;0.65;0.0237;4.25017e-08;5.50211e-10;0.192737
75;0.9;0.00421;1.63876e-07;3.26585e-10;0.0776708
75;0.9;0.0075;1.25997e-07;2.4038e-10;0.17492
75;0.9;0.0133;1.16324e-07;2.56143e-10;0.29803
75;0.9;0.0237;1.16324e-07;2.56143e-10;0.29803
