Q2 (GeV);beta;x;sigma (mb);sigma error (mb);fit
4.5;0.04;0.00012;7.63464e-10;8.08494e-10;0.976853
4.5;0.04;0.00029;-2.44193e-10;6.37781e-10;0.521722
4.5;0.04;0.00067;2.13627e-10;5.76651e-10;0.168569
4.5;0.1;0.00012;1.04917e-08;1.68788e-09;0.175141
4.5;0.1;0.00029;6.22912e-09;1.00861e-09;0.840768
4.5;0.1;0.00067;6.38047e-09;8.03684e-10;0.23589
4.5;0.2;0.00012;1.96698e-07;2.14452e-09;1.66619
4.5;0.2;0.00029;1.35944e-07;1.73185e-09;0.79154
4.5;0.2;0.00067;9.83386e-08;1.23341e-09;1.17321
4.5;0.4;0.00012;1.17836e-06;2.10751e-09;1.05459
4.5;0.4;0.00029;8.61483e-07;1.58897e-09;0.384447
4.5;0.4;0.00067;6.44304e-07;1.19236e-09;2.08849
4.5;0.4;0.0016;4.76208e-07;7.68912e-10;0.857699
4.5;0.65;0.00012;0;0;0
4.5;0.65;0.00029;0;0;0
4.5;0.65;0.00067;0;0;0
4.5;0.65;0.0016;0;0;0
4.5;0.9;0.00029;0;0;0
4.5;0.9;0.00067;0;0;0
4.5;0.9;0.0016;0;0;0
7.5;0.04;0.0002;-3.31603e-10;5.52405e-10;0.954967
7.5;0.04;0.0004;-3.00452e-10;4.20083e-10;1.42453
7.5;0.04;0.00079;-3.00452e-10;4.20083e-10;1.42453
7.5;0.1;0.0002;3.64626e-09;1.3001e-09;0.165436
7.5;0.1;0.0004;3.0654e-09;7.40381e-10;1.51949
7.5;0.1;0.00079;1.81719e-09;5.95066e-10;0.19977
7.5;0.1;0.00158;2.40036e-09;5.70771e-10;0.177545
7.5;0.1;0.00316;2.40036e-09;5.70771e-10;0.177545
7.5;0.2;0.0002;3.39867e-08;1.57599e-09;0.867613
7.5;0.2;0.0004;2.57994e-08;1.10738e-09;1.14503
7.5;0.2;0.00079;1.95419e-08;1.16809e-09;0.79505
7.5;0.2;0.00158;1.46764e-08;7.37474e-10;2.40831
7.5;0.2;0.00316;1.43271e-08;7.52768e-10;1.02733
7.5;0.4;0.0002;8.34809e-07;2.4206e-09;1.24449
7.5;0.4;0.0004;6.3992e-07;1.8926e-09;0.902011
7.5;0.4;0.00079;4.93323e-07;3.28605e-09;0.977206
7.5;0.4;0.00158;3.78984e-07;1.39891e-09;0.513036
7.5;0.4;0.00316;2.90261e-07;8.34185e-10;2.30493
7.5;0.4;0.00668;2.64144e-07;9.16786e-10;0.608533
7.5;0.65;0.0002;0;0;0
7.5;0.65;0.0004;0;0;0
7.5;0.65;0.00079;0;0;0
7.5;0.65;0.00158;0;0;0
7.5;0.65;0.00316;0;0;0
7.5;0.65;0.00668;0;0;0
7.5;0.9;0.0004;0;0;0
7.5;0.9;0.00079;0;0;0
7.5;0.9;0.00158;0;0;0
7.5;0.9;0.00316;0;0;0
7.5;0.9;0.00668;0;0;0
7.5;0.9;0.01778;0;0;0
9;0.04;0.00024;3.79556e-10;4.4246e-10;0.533637
9;0.04;0.00042;1.44138e-10;3.89978e-10;0.182742
9;0.04;0.00075;1.44138e-10;3.89978e-10;0.182742
9;0.1;0.00024;-1.79771e-10;9.51788e-10;0.314194
9;0.1;0.00042;1.919e-09;6.65407e-10;0.632035
9;0.1;0.00075;1.63979e-09;5.92807e-10;0.160725
9;0.1;0.00133;1.24735e-09;5.24859e-10;0.274776
9;0.1;0.00237;1.24735e-09;5.24859e-10;0.274776
9;0.2;0.00024;1.85089e-08;1.1446e-09;0.742197
9;0.2;0.00042;1.43542e-08;9.57827e-10;0.373652
9;0.2;0.00075;1.05635e-08;8.90748e-10;0.332963
9;0.2;0.00133;9.47639e-09;6.76602e-10;0.67347
9;0.2;0.00237;8.52713e-09;6.35536e-10;1.20478
9;0.2;0.00421;8.52713e-09;6.35536e-10;1.20478
9;0.4;0.00024;5.27097e-07;1.98031e-09;1.30221
9;0.4;0.00042;4.22946e-07;1.61602e-09;0.61416
9;0.4;0.00075;3.36969e-07;1.4579e-09;0.691932
9;0.4;0.00133;2.67518e-07;9.94793e-10;1.75872
9;0.4;0.00237;2.13587e-07;8.21712e-10;2.75224
9;0.4;0.00421;1.73526e-07;6.81719e-10;2.2968
9;0.4;0.0075;1.73526e-07;6.81719e-10;2.2968
9;0.65;0.00024;0;0;0
9;0.65;0.00042;0;0;0
9;0.65;0.00075;0;0;0
9;0.65;0.00133;0;0;0
9;0.65;0.00237;0;0;0
9;0.65;0.00421;0;0;0
9;0.65;0.0075;0;0;0
9;0.9;0.00042;0;0;0
9;0.9;0.00075;0;0;0
9;0.9;0.00133;0;0;0
9;0.9;0.00237;0;0;0
9;0.9;0.00421;0;0;0
9;0.9;0.0075;0;0;0
12;0.04;0.00024;4.80444e-10;3.1425e-10;0.718404
12;0.04;0.00042;2.84661e-10;2.66481e-10;0.397348
12;0.04;0.00075;2.84661e-10;2.66481e-10;0.397348
12;0.04;0.00133;2.84661e-10;2.66481e-10;0.397348
12;0.1;0.00024;1.40874e-09;6.77088e-10;1.21943
12;0.1;0.00042;9.47532e-11;5.68618e-10;0.68985
12;0.1;0.00075;1.32196e-09;4.00516e-10;0.379087
12;0.1;0.00133;1.05672e-09;3.78125e-10;0.669475
12;0.1;0.00237;1.05672e-09;3.78125e-10;0.669475
12;0.2;0.00024;7.82592e-09;9.10673e-10;1.7737
12;0.2;0.00042;6.77855e-09;8.44292e-10;0.632477
12;0.2;0.00075;4.5743e-09;7.71217e-10;0.479845
12;0.2;0.00133;4.74862e-09;6.85665e-10;0.384666
12;0.2;0.00237;4.187e-09;4.47934e-10;0.505308
12;0.2;0.00421;4.187e-09;4.47934e-10;0.505308
12;0.2;0.0075;4.187e-09;4.47934e-10;0.505308
12;0.4;0.00024;2.60411e-07;1.56874e-09;1.14879
12;0.4;0.00042;2.07844e-07;1.26335e-09;1.07666
12;0.4;0.00075;1.64551e-07;1.24294e-09;0.399684
12;0.4;0.00133;1.296e-07;8.43142e-10;1.41418
12;0.4;0.00237;1.01088e-07;7.28902e-10;1.37285
12;0.4;0.00421;8.17367e-08;6.29188e-10;1.80098
12;0.4;0.0075;8.17367e-08;6.29188e-10;1.80098
12;0.65;0.00024;1.25726e-07;2.29526e-10;0.567772
12;0.65;0.00042;1.02016e-07;1.57065e-10;0.518205
12;0.65;0.00075;8.23186e-08;1.36234e-10;1.05297
12;0.65;0.00133;6.65182e-08;1.01968e-10;1.30208
12;0.65;0.00237;5.36762e-08;8.63456e-11;0.305909
12;0.65;0.00421;4.34401e-08;6.84393e-11;0.717827
12;0.65;0.0075;3.69536e-08;5.69833e-11;0.21285
12;0.9;0.00042;0;0;0
12;0.9;0.00075;0;0;0
12;0.9;0.00133;0;0;0
12;0.9;0.00237;0;0;0
12;0.9;0.00421;0;0;0
12;0.9;0.0075;0;0;0
18;0.04;0.00042;4.01156e-10;1.77324e-10;0.630988
18;0.04;0.00075;4.01156e-10;1.77324e-10;0.630988
18;0.04;0.00133;4.01156e-10;1.77324e-10;0.630988
18;0.1;0.00042;4.71517e-10;2.95166e-10;0.809285
18;0.1;0.00075;4.91277e-10;2.68444e-10;0.688573
18;0.1;0.00133;2.35902e-10;2.4824e-10;0.481753
18;0.1;0.00237;2.35902e-10;2.4824e-10;0.481753
18;0.1;0.00421;2.35902e-10;2.4824e-10;0.481753
18;0.2;0.00042;2.29039e-09;4.97404e-10;0.797678
18;0.2;0.00075;1.77162e-09;4.05109e-10;0.139809
18;0.2;0.00133;1.17241e-09;3.92713e-10;1.34294
18;0.2;0.00237;1.73922e-09;2.893e-10;0.543666
18;0.2;0.00421;1.73922e-09;2.893e-10;0.543666
18;0.2;0.0075;1.73922e-09;2.893e-10;0.543666
18;0.4;0.00042;6.92854e-08;7.57593e-10;1.68064
18;0.4;0.00075;5.39879e-08;6.59932e-10;1.55944
18;0.4;0.00133;4.1938e-08;6.39184e-10;1.34876
18;0.4;0.00237;3.21225e-08;4.24132e-10;3.82812
18;0.4;0.00421;2.61131e-08;3.8426e-10;0.390554
18;0.4;0.0075;2.61131e-08;3.8426e-10;0.390554
18;0.4;0.0133;2.61131e-08;3.8426e-10;0.390554
18;0.65;0.00042;5.61715e-07;1.19646e-09;0.587393
18;0.65;0.00075;4.4784e-07;8.35182e-10;1.199
18;0.65;0.00133;3.55455e-07;7.58805e-10;3.43839
18;0.65;0.00237;2.83724e-07;6.82087e-10;1.6248
18;0.65;0.00421;2.26596e-07;4.81203e-10;1.11817
18;0.65;0.0075;1.89891e-07;4.58334e-10;1.98025
18;0.65;0.0133;1.89891e-07;4.58334e-10;1.98025
18;0.9;0.00075;0;0;0
18;0.9;0.00133;0;0;0
18;0.9;0.00237;0;0;0
18;0.9;0.00421;0;0;0
18;0.9;0.0075;0;0;0
18;0.9;0.0133;0;0;0
28;0.04;0.00075;-6.9013e-11;1.21478e-10;1.23532
28;0.04;0.00133;-6.9013e-11;1.21478e-10;1.23532
28;0.1;0.00075;1.10916e-10;1.56865e-10;0.365392
28;0.1;0.00133;1.82524e-11;1.20756e-10;0.833811
28;0.1;0.00237;1.82524e-11;1.20756e-10;0.833811
28;0.1;0.00421;1.82524e-11;1.20756e-10;0.833811
28;0.2;0.00075;7.54696e-10;2.36984e-10;0.493206
28;0.2;0.00133;5.73576e-10;1.7449e-10;0.179314
28;0.2;0.00237;6.17869e-10;1.50323e-10;0.376385
28;0.2;0.00421;6.17869e-10;1.50323e-10;0.376385
28;0.2;0.0075;6.17869e-10;1.50323e-10;0.376385
28;0.4;0.00075;1.48997e-08;3.92738e-10;0.529388
28;0.4;0.00133;1.14858e-08;2.76812e-10;1.45002
28;0.4;0.00237;8.46251e-09;2.76946e-10;0.401347
28;0.4;0.00421;6.81957e-09;2.0965e-10;0.775653
28;0.4;0.0075;6.81957e-09;2.0965e-10;0.775653
28;0.4;0.0133;6.81957e-09;2.0965e-10;0.775653
28;0.65;0.00075;1.9107e-07;5.56398e-10;1.31261
28;0.65;0.00133;1.51114e-07;4.99392e-10;1.44552
28;0.65;0.00237;1.18407e-07;3.84807e-10;0.65402
28;0.65;0.00421;9.22708e-08;2.66484e-10;0.690454
28;0.65;0.0075;7.63888e-08;2.67388e-10;0.0557769
28;0.65;0.0133;7.63888e-08;2.67388e-10;0.0557769
28;0.65;0.0237;7.63888e-08;2.67388e-10;0.0557769
28;0.9;0.00133;0;0;0
28;0.9;0.00237;0;0;0
28;0.9;0.00421;0;0;0
28;0.9;0.0075;0;0;0
28;0.9;0.0133;0;0;0
28;0.9;0.0237;0;0;0
45;0.04;0.00133;-3.03419e-12;5.33503e-11;0.66872
45;0.1;0.00133;-6.48072e-12;5.44953e-11;0.922151
45;0.1;0.00237;-6.48072e-12;5.44953e-11;0.922151
45;0.2;0.00133;2.71327e-10;7.59513e-11;0.719342
45;0.2;0.00237;2.14313e-10;6.53371e-11;2.23784
45;0.2;0.00421;2.14313e-10;6.53371e-11;2.23784
45;0.2;0.0075;2.14313e-10;6.53371e-11;2.23784
45;0.4;0.00133;2.60281e-09;1.55992e-10;1.84997
45;0.4;0.00237;1.83638e-09;1.39999e-10;0.668975
45;0.4;0.00421;1.58231e-09;1.00518e-10;0.574578
45;0.4;0.0075;1.58231e-09;1.00518e-10;0.574578
45;0.4;0.0133;1.58231e-09;1.00518e-10;0.574578
45;0.65;0.00133;4.94637e-08;2.47415e-10;0.99262
45;0.65;0.00237;3.79173e-08;1.7618e-10;1.63852
45;0.65;0.00421;2.91659e-08;1.15824e-10;1.97221
45;0.65;0.0075;2.38718e-08;1.27079e-10;0.931145
45;0.65;0.0133;2.38718e-08;1.27079e-10;0.931145
45;0.65;0.0237;2.38718e-08;1.27079e-10;0.931145
45;0.9;0.00237;0;0;0
45;0.9;0.00421;0;0;0
45;0.9;0.0075;0;0;0
45;0.9;0.0133;0;0;0
45;0.9;0.0237;0;0;0
75;0.1;0.00237;1.41321e-11;2.06773e-11;0.241898
75;0.1;0.00421;1.41321e-11;2.06773e-11;0.241898
75;0.2;0.00237;5.93466e-11;3.14707e-11;0.911045
75;0.2;0.00421;5.93466e-11;3.14707e-11;0.911045
75;0.2;0.0075;5.93466e-11;3.14707e-11;0.911045
75;0.4;0.00237;4.43113e-10;5.67367e-11;1.69144
75;0.4;0.00421;3.56069e-10;3.36097e-11;2.24796
75;0.4;0.0075;3.56069e-10;3.36097e-11;2.24796
75;0.4;0.0133;3.56069e-10;3.36097e-11;2.24796
75;0.65;0.00237;1.03209e-08;8.652e-11;1.23076
75;0.65;0.00421;7.72987e-09;5.34284e-11;1.30632
75;0.65;0.0075;6.18772e-09;4.7293e-11;0.486951
75;0.65;0.0133;6.18772e-09;4.7293e-11;0.486951
75;0.65;0.0237;6.18772e-09;4.7293e-11;0.486951
75;0.9;0.00421;2.46294e-08;5.17255e-11;1.57056
75;0.9;0.0075;1.88705e-08;6.64709e-11;1.0093
75;0.9;0.0133;1.72413e-08;2.93622e-11;0.112205
75;0.9;0.0237;1.72413e-08;2.93622e-11;0.112205
