Q2 (GeV);x;sigma (mb);sigma error (mb)
1;1e-05;5.39155e-08;1.13061e-12
1;1.0975e-05;5.25591e-08;1.158e-12
1;1.2045e-05;5.12276e-08;1.1232e-12
1;1.32194e-05;4.99218e-08;1.1063e-12
1;1.45083e-05;4.86411e-08;1.09964e-12
1;1.59228e-05;4.73858e-08;1.09535e-12
1;1.74753e-05;4.61547e-08;1.13072e-12
1;1.91791e-05;4.49488e-08;1.0891e-12
1;2.1049e-05;4.37673e-08;1.01179e-12
1;2.31013e-05;4.26103e-08;9.85962e-13
1;2.53536e-05;4.14773e-08;9.63592e-13
1;2.78256e-05;4.03682e-08;9.42392e-13
1;3.05386e-05;3.92828e-08;9.16136e-13
1;3.3516e-05;3.82208e-08;8.79207e-13
1;3.67838e-05;3.71821e-08;8.67037e-13
1;4.03702e-05;3.61664e-08;8.60269e-13
1;4.43062e-05;3.51734e-08;7.77319e-13
1;4.8626e-05;3.42028e-08;7.88584e-13
1;5.3367e-05;3.32546e-08;7.43508e-13
1;5.85702e-05;3.23281e-08;7.20423e-13
1;6.42807e-05;3.14231e-08;7.10506e-13
1;7.0548e-05;3.05395e-08;6.99345e-13
1;7.74264e-05;2.9677e-08;6.46551e-13
1;8.49753e-05;2.8835e-08;6.26091e-13
1;9.32603e-05;2.80135e-08;6.18737e-13
1;0.000102353;2.72121e-08;5.64499e-13
1;0.000112332;2.64303e-08;5.36429e-13
1;0.000123285;2.56679e-08;5.2166e-13
1;0.000135305;2.49246e-08;5.20533e-13
1;0.000148497;2.42e-08;5.33601e-13
1;0.000162975;2.34938e-08;5.30799e-13
1;0.000178865;2.28058e-08;5.13127e-13
1;0.000196304;2.21356e-08;4.63198e-13
1;0.000215443;2.14827e-08;4.63069e-13
1;0.000236449;2.08469e-08;4.40669e-13
1;0.000259502;2.02278e-08;4.46943e-13
1;0.000284804;1.96254e-08;4.36382e-13
1;0.000312572;1.90389e-08;3.90346e-13
1;0.000343047;1.84682e-08;3.71786e-13
1;0.000376494;1.79129e-08;3.87609e-13
1;0.000413201;1.73726e-08;3.78144e-13
1;0.000453488;1.68472e-08;3.57514e-13
1;0.000497702;1.63363e-08;3.51501e-13
1;0.000546228;1.58395e-08;3.27875e-13
1;0.000599484;1.53565e-08;3.10619e-13
1;0.000657933;1.48871e-08;3.05508e-13
1;0.000722081;1.44307e-08;3.03086e-13
1;0.000792483;1.39873e-08;2.85529e-13
1;0.000869749;1.35566e-08;2.72247e-13
1;0.000954548;1.3138e-08;2.5766e-13
1;0.00104762;1.27315e-08;2.55049e-13
1;0.00114976;1.23367e-08;2.47285e-13
1;0.00126186;1.19533e-08;2.39651e-13
1;0.00138489;1.15811e-08;2.32102e-13
1;0.00151991;1.12197e-08;2.24786e-13
1;0.0016681;1.08689e-08;2.17716e-13
1;0.00183074;1.05284e-08;2.10835e-13
1;0.00200923;1.01979e-08;2.04348e-13
1;0.00220513;9.87726e-09;1.9755e-13
1;0.00242013;9.56612e-09;1.92658e-13
1;0.00265609;9.26426e-09;1.85601e-13
1;0.00291505;8.97142e-09;1.83722e-13
1;0.00319927;8.68741e-09;1.79225e-13
1;0.00351119;8.41194e-09;1.74149e-13
1;0.00385353;8.14481e-09;1.67153e-13
1;0.00422924;7.88576e-09;1.62733e-13
1;0.00464159;7.63459e-09;1.58521e-13
1;0.00509414;7.39107e-09;1.54945e-13
1;0.00559081;7.155e-09;1.51837e-13
1;0.00613591;6.92616e-09;1.47398e-13
1;0.00673415;6.70435e-09;1.46042e-13
1;0.00739072;6.48944e-09;1.35104e-13
1;0.00811131;6.28107e-09;1.37124e-13
1;0.00890215;6.0792e-09;1.27108e-13
1;0.0097701;5.8836e-09;1.21324e-13
1;0.0107227;5.69407e-09;1.16194e-13
1;0.0117681;5.51047e-09;1.12139e-13
1;0.0129155;5.33258e-09;1.09671e-13
1;0.0141747;5.16026e-09;1.08444e-13
1;0.0155568;4.99335e-09;1.05341e-13
1;0.0170735;4.83169e-09;1.02266e-13
1;0.0187382;4.67511e-09;9.91694e-14
1;0.0205651;4.52347e-09;9.6085e-14
1;0.0225702;4.37662e-09;9.08348e-14
1;0.0247708;4.23441e-09;8.94131e-14
1;0.0271859;4.0967e-09;9.03574e-14
1;0.0298365;3.9634e-09;8.93273e-14
1;0.0327455;3.83434e-09;8.08301e-14
1;0.0359381;3.70936e-09;7.68419e-14
1;0.0394421;3.58838e-09;7.41035e-14
1;0.0432876;3.47125e-09;7.92807e-14
1;0.0475081;3.35788e-09;7.23433e-14
1;0.0521401;3.24814e-09;6.93186e-14
1;0.0572237;3.14192e-09;6.76207e-14
1;0.0628029;3.03911e-09;6.4426e-14
1;0.0689261;2.93961e-09;6.31226e-14
1;0.0756463;2.84331e-09;5.87918e-14
1;0.0830218;2.7501e-09;5.8939e-14
1;0.0911163;2.6599e-09;5.79713e-14
1;0.1;2.57262e-09;5.63145e-14
3;1e-05;1.11432e-07;2.32469e-12
3;1.0975e-05;1.08518e-07;2.19434e-12
3;1.2045e-05;1.05663e-07;2.19166e-12
3;1.32194e-05;1.02867e-07;2.13225e-12
3;1.45083e-05;1.00129e-07;2.00907e-12
3;1.59228e-05;9.74498e-08;1.89259e-12
3;1.74753e-05;9.48276e-08;1.84764e-12
3;1.91791e-05;9.22622e-08;1.79783e-12
3;2.1049e-05;8.97531e-08;1.74916e-12
3;2.31013e-05;8.72996e-08;1.70751e-12
3;2.53536e-05;8.49013e-08;1.71933e-12
3;2.78256e-05;8.25568e-08;1.69045e-12
3;3.05386e-05;8.0266e-08;1.65787e-12
3;3.3516e-05;7.80282e-08;1.64882e-12
3;3.67838e-05;7.58429e-08;1.61217e-12
3;4.03702e-05;7.3709e-08;1.61892e-12
3;4.43062e-05;7.16258e-08;1.57149e-12
3;4.8626e-05;6.95927e-08;1.52887e-12
3;5.3367e-05;6.76088e-08;1.49236e-12
3;5.85702e-05;6.56734e-08;1.4423e-12
3;6.42807e-05;6.37857e-08;1.396e-12
3;7.0548e-05;6.19449e-08;1.3542e-12
3;7.74264e-05;6.01502e-08;1.31753e-12
3;8.49753e-05;5.84008e-08;1.28474e-12
3;9.32603e-05;5.66959e-08;1.25178e-12
3;0.000102353;5.50348e-08;1.19919e-12
3;0.000112332;5.34165e-08;1.15108e-12
3;0.000123285;5.18403e-08;1.06116e-12
3;0.000135305;5.03054e-08;1.05771e-12
3;0.000148497;4.88111e-08;1.03569e-12
3;0.000162975;4.73563e-08;1.0332e-12
3;0.000178865;4.59405e-08;1.01043e-12
3;0.000196304;4.45629e-08;9.56134e-13
3;0.000215443;4.32225e-08;9.27029e-13
3;0.000236449;4.19185e-08;9.14125e-13
3;0.000259502;4.06503e-08;8.93055e-13
3;0.000284804;3.94171e-08;8.44617e-13
3;0.000312572;3.82179e-08;8.24863e-13
3;0.000343047;3.70521e-08;8.09534e-13
3;0.000376494;3.5919e-08;7.7875e-13
3;0.000413201;3.48178e-08;7.61068e-13
3;0.000453488;3.37477e-08;7.39381e-13
3;0.000497702;3.2708e-08;7.13485e-13
3;0.000546228;3.16979e-08;6.88628e-13
3;0.000599484;3.07169e-08;6.65595e-13
3;0.000657933;2.97641e-08;6.52344e-13
3;0.000722081;2.88389e-08;6.31652e-13
3;0.000792483;2.79406e-08;6.03632e-13
3;0.000869749;2.70685e-08;5.87917e-13
3;0.000954548;2.62219e-08;5.6168e-13
3;0.00104762;2.54002e-08;5.57794e-13
3;0.00114976;2.46028e-08;5.43375e-13
3;0.00126186;2.38291e-08;5.26854e-13
3;0.00138489;2.30783e-08;5.10128e-13
3;0.00151991;2.23499e-08;4.93228e-13
3;0.0016681;2.16434e-08;4.74756e-13
3;0.00183074;2.09581e-08;4.49644e-13
3;0.00200923;2.02934e-08;4.40741e-13
3;0.00220513;1.96489e-08;4.28479e-13
3;0.00242013;1.90238e-08;4.16558e-13
3;0.00265609;1.84178e-08;4.04031e-13
3;0.00291505;1.78303e-08;3.90452e-13
3;0.00319927;1.72607e-08;3.77417e-13
3;0.00351119;1.67086e-08;3.65953e-13
3;0.00385353;1.61734e-08;3.52653e-13
3;0.00422924;1.56548e-08;3.37032e-13
3;0.00464159;1.51521e-08;3.25511e-13
3;0.00509414;1.46651e-08;3.19682e-13
3;0.00559081;1.41932e-08;3.0568e-13
3;0.00613591;1.37358e-08;3.0889e-13
3;0.00673415;1.32929e-08;2.9306e-13
3;0.00739072;1.28638e-08;2.69749e-13
3;0.00811131;1.2448e-08;2.68519e-13
3;0.00890215;1.20453e-08;2.60597e-13
3;0.0097701;1.16553e-08;2.53216e-13
3;0.0107227;1.12776e-08;2.39889e-13
3;0.0117681;1.09117e-08;2.33828e-13
3;0.0129155;1.05575e-08;2.26145e-13
3;0.0141747;1.02144e-08;2.17736e-13
3;0.0155568;9.88224e-09;2.13816e-13
3;0.0170735;9.56062e-09;2.08197e-13
3;0.0187382;9.24922e-09;2.01223e-13
3;0.0205651;8.94775e-09;1.93013e-13
3;0.0225702;8.65592e-09;1.82613e-13
3;0.0247708;8.37338e-09;1.77178e-13
3;0.0271859;8.09989e-09;1.71263e-13
3;0.0298365;7.83516e-09;1.65034e-13
3;0.0327455;7.57889e-09;1.61964e-13
3;0.0359381;7.33086e-09;1.57904e-13
3;0.0394421;7.09084e-09;1.50545e-13
3;0.0432876;6.85852e-09;1.46184e-13
3;0.0475081;6.63369e-09;1.40792e-13
3;0.0521401;6.41612e-09;1.33812e-13
3;0.0572237;6.20557e-09;1.29977e-13
3;0.0628029;6.00183e-09;1.22749e-13
3;0.0689261;5.80468e-09;1.22944e-13
3;0.0756463;5.61392e-09;1.20019e-13
3;0.0830218;5.42934e-09;1.15902e-13
3;0.0911163;5.25076e-09;1.11645e-13
3;0.1;5.07796e-09;1.07691e-13
5;1e-05;1.36375e-07;3.18396e-12
5;1.0975e-05;1.32706e-07;3.06391e-12
5;1.2045e-05;1.29117e-07;2.97059e-12
5;1.32194e-05;1.25606e-07;2.90787e-12
5;1.45083e-05;1.22173e-07;2.83478e-12
5;1.59228e-05;1.18817e-07;2.75687e-12
5;1.74753e-05;1.15537e-07;2.67965e-12
5;1.91791e-05;1.12332e-07;2.59871e-12
5;2.1049e-05;1.09201e-07;2.51501e-12
5;2.31013e-05;1.06143e-07;2.43387e-12
5;2.53536e-05;1.03157e-07;2.36164e-12
5;2.78256e-05;1.00242e-07;2.30073e-12
5;3.05386e-05;9.73975e-08;2.25513e-12
5;3.3516e-05;9.46215e-08;2.20771e-12
5;3.67838e-05;9.19131e-08;2.08248e-12
5;4.03702e-05;8.92717e-08;2.00498e-12
5;4.43062e-05;8.66957e-08;1.9243e-12
5;4.8626e-05;8.41844e-08;1.86952e-12
5;5.3367e-05;8.17365e-08;1.8138e-12
5;5.85702e-05;7.93508e-08;1.75904e-12
5;6.42807e-05;7.70263e-08;1.70798e-12
5;7.0548e-05;7.47619e-08;1.71603e-12
5;7.74264e-05;7.25563e-08;1.63974e-12
5;8.49753e-05;7.04085e-08;1.61325e-12
5;9.32603e-05;6.83173e-08;1.59811e-12
5;0.000102353;6.62817e-08;1.57969e-12
5;0.000112332;6.43004e-08;1.53464e-12
5;0.000123285;6.23723e-08;1.44001e-12
5;0.000135305;6.04965e-08;1.33607e-12
5;0.000148497;5.86718e-08;1.32011e-12
5;0.000162975;5.68969e-08;1.27592e-12
5;0.000178865;5.51711e-08;1.25014e-12
5;0.000196304;5.34929e-08;1.21285e-12
5;0.000215443;5.18614e-08;1.20339e-12
5;0.000236449;5.02756e-08;1.18363e-12
5;0.000259502;4.87344e-08;1.15591e-12
5;0.000284804;4.72368e-08;1.06471e-12
5;0.000312572;4.57815e-08;1.01158e-12
5;0.000343047;4.43679e-08;9.23215e-13
5;0.000376494;4.29951e-08;9.6549e-13
5;0.000413201;4.16616e-08;9.57973e-13
5;0.000453488;4.03668e-08;8.68254e-13
5;0.000497702;3.91094e-08;8.58839e-13
5;0.000546228;3.7889e-08;8.11813e-13
5;0.000599484;3.67042e-08;7.99822e-13
5;0.000657933;3.55541e-08;7.81812e-13
5;0.000722081;3.44381e-08;7.1421e-13
5;0.000792483;3.33554e-08;6.9322e-13
5;0.000869749;3.23047e-08;6.9404e-13
5;0.000954548;3.12852e-08;6.59576e-13
5;0.00104762;3.02963e-08;6.53387e-13
5;0.00114976;2.93369e-08;6.08476e-13
5;0.00126186;2.84066e-08;5.87482e-13
5;0.00138489;2.75044e-08;5.66915e-13
5;0.00151991;2.66296e-08;5.47335e-13
5;0.0016681;2.57814e-08;5.30565e-13
5;0.00183074;2.4959e-08;5.14444e-13
5;0.00200923;2.41618e-08;5.01924e-13
5;0.00220513;2.33891e-08;4.91533e-13
5;0.00242013;2.264e-08;4.58545e-13
5;0.00265609;2.1914e-08;4.43193e-13
5;0.00291505;2.12105e-08;4.29606e-13
5;0.00319927;2.05288e-08;4.16634e-13
5;0.00351119;1.98681e-08;4.2907e-13
5;0.00385353;1.92282e-08;3.95981e-13
5;0.00422924;1.86081e-08;3.83947e-13
5;0.00464159;1.80074e-08;3.66562e-13
5;0.00509414;1.74254e-08;3.49339e-13
5;0.00559081;1.68618e-08;3.38257e-13
5;0.00613591;1.63159e-08;3.29174e-13
5;0.00673415;1.57872e-08;3.25472e-13
5;0.00739072;1.5275e-08;3.06471e-13
5;0.00811131;1.47791e-08;2.95366e-13
5;0.00890215;1.42989e-08;2.78499e-13
5;0.0097701;1.38338e-08;2.70366e-13
5;0.0107227;1.33837e-08;2.60767e-13
5;0.0117681;1.29479e-08;2.53123e-13
5;0.0129155;1.25259e-08;2.3528e-13
5;0.0141747;1.21173e-08;2.38352e-13
5;0.0155568;1.17219e-08;2.28636e-13
5;0.0170735;1.1339e-08;2.18614e-13
5;0.0187382;1.09684e-08;2.18216e-13
5;0.0205651;1.06097e-08;2.09144e-13
5;0.0225702;1.02626e-08;2.01271e-13
5;0.0247708;9.92656e-09;1.85344e-13
5;0.0271859;9.60134e-09;1.84305e-13
5;0.0298365;9.28661e-09;1.78529e-13
5;0.0327455;8.98204e-09;1.72878e-13
5;0.0359381;8.68731e-09;1.70427e-13
5;0.0394421;8.40211e-09;1.58528e-13
5;0.0432876;8.12614e-09;1.63187e-13
5;0.0475081;7.85909e-09;1.55613e-13
5;0.0521401;7.6007e-09;1.48277e-13
5;0.0572237;7.35069e-09;1.43747e-13
5;0.0628029;7.1088e-09;1.41238e-13
5;0.0689261;6.87478e-09;1.37638e-13
5;0.0756463;6.64837e-09;1.30299e-13
5;0.0830218;6.42935e-09;1.24704e-13
5;0.0911163;6.21743e-09;1.18124e-13
5;0.1;6.01243e-09;1.13321e-13
8;1e-05;1.48699e-07;3.27821e-12
8;1.0975e-05;1.44574e-07;3.18699e-12
8;1.2045e-05;1.40544e-07;3.13479e-12
8;1.32194e-05;1.36608e-07;3.21121e-12
8;1.45083e-05;1.32764e-07;3.15809e-12
8;1.59228e-05;1.29012e-07;3.00358e-12
8;1.74753e-05;1.25351e-07;2.92631e-12
8;1.91791e-05;1.21777e-07;2.8508e-12
8;2.1049e-05;1.18292e-07;2.75062e-12
8;2.31013e-05;1.14892e-07;2.63805e-12
8;2.53536e-05;1.11577e-07;2.68486e-12
8;2.78256e-05;1.08344e-07;2.57026e-12
8;3.05386e-05;1.05193e-07;2.42923e-12
8;3.3516e-05;1.02123e-07;2.39286e-12
8;3.67838e-05;9.91313e-08;2.34166e-12
8;4.03702e-05;9.62169e-08;2.27586e-12
8;4.43062e-05;9.33782e-08;2.2018e-12
8;4.8626e-05;9.06139e-08;2.12659e-12
8;5.3367e-05;8.79225e-08;2.04631e-12
8;5.85702e-05;8.53026e-08;1.95795e-12
8;6.42807e-05;8.27527e-08;1.90119e-12
8;7.0548e-05;8.02715e-08;1.84834e-12
8;7.74264e-05;7.78573e-08;1.79687e-12
8;8.49753e-05;7.55089e-08;1.74597e-12
8;9.32603e-05;7.32248e-08;1.695e-12
8;0.000102353;7.10036e-08;1.64416e-12
8;0.000112332;6.88439e-08;1.5933e-12
8;0.000123285;6.67444e-08;1.54285e-12
8;0.000135305;6.47036e-08;1.49345e-12
8;0.000148497;6.27202e-08;1.44572e-12
8;0.000162975;6.07929e-08;1.40043e-12
8;0.000178865;5.89203e-08;1.35844e-12
8;0.000196304;5.71012e-08;1.32104e-12
8;0.000215443;5.53343e-08;1.28979e-12
8;0.000236449;5.36183e-08;1.2644e-12
8;0.000259502;5.1952e-08;1.23884e-12
8;0.000284804;5.0334e-08;1.20429e-12
8;0.000312572;4.87632e-08;1.16251e-12
8;0.000343047;4.72384e-08;1.11506e-12
8;0.000376494;4.57584e-08;1.06255e-12
8;0.000413201;4.43222e-08;1.05096e-12
8;0.000453488;4.29286e-08;1.02389e-12
8;0.000497702;4.15762e-08;9.38144e-13
8;0.000546228;4.02642e-08;8.98789e-13
8;0.000599484;3.89917e-08;9.07864e-13
8;0.000657933;3.77572e-08;8.79365e-13
8;0.000722081;3.65597e-08;7.99418e-13
8;0.000792483;3.53986e-08;8.35055e-13
8;0.000869749;3.42728e-08;8.14491e-13
8;0.000954548;3.31811e-08;7.65643e-13
8;0.00104762;3.21228e-08;7.02861e-13
8;0.00114976;3.10968e-08;6.73725e-13
8;0.00126186;3.01024e-08;6.8799e-13
8;0.00138489;2.91384e-08;6.79069e-13
8;0.00151991;2.82041e-08;6.69636e-13
8;0.0016681;2.72986e-08;6.44515e-13
8;0.00183074;2.64212e-08;6.04398e-13
8;0.00200923;2.5571e-08;5.69844e-13
8;0.00220513;2.47473e-08;5.49668e-13
8;0.00242013;2.39492e-08;5.30769e-13
8;0.00265609;2.31762e-08;5.16625e-13
8;0.00291505;2.24273e-08;5.12302e-13
8;0.00319927;2.17019e-08;5.02198e-13
8;0.00351119;2.09993e-08;4.78438e-13
8;0.00385353;2.03187e-08;4.32964e-13
8;0.00422924;1.96596e-08;4.21835e-13
8;0.00464159;1.90214e-08;4.03616e-13
8;0.00509414;1.84034e-08;3.99878e-13
8;0.00559081;1.7805e-08;3.94498e-13
8;0.00613591;1.72256e-08;3.85889e-13
8;0.00673415;1.66646e-08;3.73621e-13
8;0.00739072;1.61215e-08;3.57427e-13
8;0.00811131;1.55957e-08;3.41996e-13
8;0.00890215;1.50867e-08;3.28523e-13
8;0.0097701;1.4594e-08;3.14194e-13
8;0.0107227;1.4117e-08;3.00041e-13
8;0.0117681;1.36554e-08;2.93139e-13
8;0.0129155;1.32086e-08;2.87901e-13
8;0.0141747;1.27761e-08;2.8131e-13
8;0.0155568;1.23575e-08;2.73464e-13
8;0.0170735;1.19524e-08;2.60719e-13
8;0.0187382;1.15604e-08;2.50781e-13
8;0.0205651;1.11811e-08;2.40133e-13
8;0.0225702;1.0814e-08;2.32192e-13
8;0.0247708;1.04588e-08;2.24667e-13
8;0.0271859;1.01151e-08;2.17001e-13
8;0.0298365;9.78258e-09;2.09799e-13
8;0.0327455;9.46082e-09;2.0642e-13
8;0.0359381;9.1495e-09;2.03061e-13
8;0.0394421;8.8483e-09;1.87207e-13
8;0.0432876;8.55689e-09;1.90305e-13
8;0.0475081;8.27494e-09;1.82705e-13
8;0.0521401;8.00227e-09;1.82092e-13
8;0.0572237;7.73842e-09;1.74475e-13
8;0.0628029;7.48314e-09;1.66887e-13
8;0.0689261;7.23626e-09;1.57829e-13
8;0.0756463;6.99744e-09;1.45749e-13
8;0.0830218;6.76642e-09;1.40554e-13
8;0.0911163;6.54297e-09;1.42794e-13
8;0.1;6.32682e-09;1.37027e-13
10;1e-05;1.49501e-07;3.42748e-12
10;1.0975e-05;1.45289e-07;3.17061e-12
10;1.2045e-05;1.41176e-07;2.99464e-12
10;1.32194e-05;1.37163e-07;2.91455e-12
10;1.45083e-05;1.33247e-07;2.83009e-12
10;1.59228e-05;1.29428e-07;2.74817e-12
10;1.74753e-05;1.25702e-07;2.66859e-12
10;1.91791e-05;1.2207e-07;2.59105e-12
10;2.1049e-05;1.18529e-07;2.51547e-12
10;2.31013e-05;1.15077e-07;2.44135e-12
10;2.53536e-05;1.11714e-07;2.36972e-12
10;2.78256e-05;1.08437e-07;2.30014e-12
10;3.05386e-05;1.05245e-07;2.23238e-12
10;3.3516e-05;1.02136e-07;2.16655e-12
10;3.67838e-05;9.9109e-08;2.10141e-12
10;4.03702e-05;9.6162e-08;2.03837e-12
10;4.43062e-05;9.32933e-08;1.9891e-12
10;4.8626e-05;9.05015e-08;1.94283e-12
10;5.3367e-05;8.7785e-08;1.89989e-12
10;5.85702e-05;8.51422e-08;1.85566e-12
10;6.42807e-05;8.25714e-08;1.81019e-12
10;7.0548e-05;8.00713e-08;1.80808e-12
10;7.74264e-05;7.76402e-08;1.80012e-12
10;8.49753e-05;7.52766e-08;1.68257e-12
10;9.32603e-05;7.29785e-08;1.52901e-12
10;0.000102353;7.07451e-08;1.48143e-12
10;0.000112332;6.85747e-08;1.43597e-12
10;0.000123285;6.6466e-08;1.54709e-12
10;0.000135305;6.44169e-08;1.44491e-12
10;0.000148497;6.24266e-08;1.36564e-12
10;0.000162975;6.04934e-08;1.31568e-12
10;0.000178865;5.8616e-08;1.26515e-12
10;0.000196304;5.6793e-08;1.21744e-12
10;0.000215443;5.50231e-08;1.17403e-12
10;0.000236449;5.33048e-08;1.13138e-12
10;0.000259502;5.16369e-08;1.12314e-12
10;0.000284804;5.00183e-08;1.09651e-12
10;0.000312572;4.8447e-08;1.08856e-12
10;0.000343047;4.69228e-08;1.01809e-12
10;0.000376494;4.54439e-08;9.62152e-13
10;0.000413201;4.40092e-08;1.01574e-12
10;0.000453488;4.26173e-08;9.0198e-13
10;0.000497702;4.12673e-08;8.59825e-13
10;0.000546228;3.99581e-08;8.31352e-13
10;0.000599484;3.86885e-08;8.21631e-13
10;0.000657933;3.74572e-08;7.90467e-13
10;0.000722081;3.62637e-08;7.4767e-13
10;0.000792483;3.51065e-08;7.80334e-13
10;0.000869749;3.39847e-08;7.15812e-13
10;0.000954548;3.28974e-08;6.85604e-13
10;0.00104762;3.18435e-08;6.72325e-13
10;0.00114976;3.08222e-08;6.32454e-13
10;0.00126186;2.98324e-08;6.25603e-13
10;0.00138489;2.88733e-08;5.95258e-13
10;0.00151991;2.79438e-08;5.82359e-13
10;0.0016681;2.70435e-08;5.67227e-13
10;0.00183074;2.6171e-08;5.45382e-13
10;0.00200923;2.53259e-08;5.22833e-13
10;0.00220513;2.45073e-08;5.12554e-13
10;0.00242013;2.37142e-08;5.0583e-13
10;0.00265609;2.29463e-08;4.73111e-13
10;0.00291505;2.22024e-08;4.62674e-13
10;0.00319927;2.14821e-08;4.365e-13
10;0.00351119;2.07846e-08;3.98393e-13
10;0.00385353;2.01091e-08;4.078e-13
10;0.00422924;1.9455e-08;3.95823e-13
10;0.00464159;1.88219e-08;3.7942e-13
10;0.00509414;1.82086e-08;3.56611e-13
10;0.00559081;1.76151e-08;3.35152e-13
10;0.00613591;1.70405e-08;3.27889e-13
10;0.00673415;1.64841e-08;3.26151e-13
10;0.00739072;1.59457e-08;3.17511e-13
10;0.00811131;1.54245e-08;2.87231e-13
10;0.00890215;1.492e-08;2.80892e-13
10;0.0097701;1.44315e-08;2.76135e-13
10;0.0107227;1.39592e-08;2.80722e-13
10;0.0117681;1.35017e-08;2.87019e-13
10;0.0129155;1.30594e-08;2.98064e-13
10;0.0141747;1.2631e-08;2.86159e-13
10;0.0155568;1.22164e-08;2.75861e-13
10;0.0170735;1.18153e-08;2.66616e-13
10;0.0187382;1.14272e-08;2.6158e-13
10;0.0205651;1.10517e-08;2.62367e-13
10;0.0225702;1.06882e-08;2.42771e-13
10;0.0247708;1.03366e-08;2.31672e-13
10;0.0271859;9.99644e-09;2.23657e-13
10;0.0298365;9.66732e-09;2.15933e-13
10;0.0327455;9.34891e-09;2.08612e-13
10;0.0359381;9.04087e-09;2.01615e-13
10;0.0394421;8.74286e-09;1.949e-13
10;0.0432876;8.45458e-09;1.88451e-13
10;0.0475081;8.1757e-09;1.82255e-13
10;0.0521401;7.90593e-09;1.7626e-13
10;0.0572237;7.64497e-09;1.7045e-13
10;0.0628029;7.39255e-09;1.64827e-13
10;0.0689261;7.14838e-09;1.59398e-13
10;0.0756463;6.91221e-09;1.54181e-13
10;0.0830218;6.68378e-09;1.49217e-13
10;0.0911163;6.46283e-09;1.44563e-13
10;0.1;6.24913e-09;1.40274e-13
