Q2 (GeV);beta;x;sigma (mb);sigma error (mb);fit
12;0.04;0.00024;-7.03244e-09;2.39077e-09;0.289012
12;0.04;0.00042;-5.81731e-09;2.01837e-09;0.767136
12;0.04;0.00075;-4.0629e-09;1.66441e-09;0.135118
12;0.04;0.00133;-4.2547e-09;1.39882e-09;0.152976
12;0.1;0.00024;-1.80353e-08;2.66973e-09;2.38847
12;0.1;0.00042;-1.34965e-08;2.31969e-09;1.62464
12;0.1;0.00075;-9.4149e-09;1.86839e-09;1.25841
12;0.1;0.00133;-6.17123e-09;1.54465e-09;0.977286
12;0.1;0.00237;-4.37858e-09;1.30881e-09;0.720268
12;0.2;0.00024;-8.80307e-08;2.75858e-09;0.827942
12;0.2;0.00042;-5.93549e-08;2.31377e-09;0.936423
12;0.2;0.00075;-3.59856e-08;1.94033e-09;0.618099
12;0.2;0.00133;-1.98385e-08;1.6243e-09;0.50909
12;0.2;0.00237;-6.44738e-09;1.37892e-09;0.323308
12;0.2;0.00421;2.7211e-09;1.17205e-09;0.225809
12;0.2;0.0075;9.69484e-09;1.00382e-09;0.156367
12;0.4;0.00024;1.14184e-06;3.04612e-09;1.11334
12;0.4;0.00042;9.23407e-07;2.55863e-09;0.781771
12;0.4;0.00075;7.44585e-07;2.13782e-09;0.761571
12;0.4;0.00133;6.07462e-07;1.79632e-09;0.534627
12;0.4;0.00237;4.99274e-07;1.50489e-09;0.219752
12;0.4;0.00421;4.15005e-07;1.24996e-09;0.327979
12;0.4;0.0075;3.50027e-07;1.06564e-09;0.358891
12;0.65;0.00024;1.80975e-05;3.47857e-09;0.766379
12;0.65;0.00042;1.47258e-05;2.92998e-09;0.443657
12;0.65;0.00075;1.19079e-05;2.43595e-09;0.771402
12;0.65;0.00133;9.67682e-06;2.05431e-09;0.616489
12;0.65;0.00237;7.8663e-06;1.72602e-09;1.01832
12;0.65;0.00421;6.41454e-06;1.46137e-09;0.706029
12;0.65;0.0075;5.23802e-06;1.22957e-09;0.731434
12;0.9;0.00042;6.16835e-05;5.19336e-09;1.57633
12;0.9;0.00075;5.06306e-05;4.32243e-09;1.50377
12;0.9;0.00133;4.17797e-05;3.61959e-09;1.61282
12;0.9;0.00237;3.45165e-05;3.02519e-09;1.81644
12;0.9;0.00421;2.86192e-05;2.56029e-09;2.35864
12;0.9;0.0075;2.37782e-05;2.15943e-09;2.2012
18;0.04;0.00042;-2.88565e-09;9.11863e-10;0.464899
18;0.04;0.00075;-2.26986e-09;7.53819e-10;0.062151
18;0.04;0.00133;-2.30512e-09;6.22448e-10;0.119026
18;0.1;0.00042;-4.23666e-09;1.02063e-09;1.66306
18;0.1;0.00075;-3.09571e-09;8.48216e-10;1.4013
18;0.1;0.00133;-2.62671e-09;7.09891e-10;1.10905
18;0.1;0.00237;-2.11893e-09;5.93974e-10;1.32274
18;0.1;0.00421;-1.58869e-09;4.99117e-10;1.33619
18;0.2;0.00042;-2.66029e-08;1.06131e-09;0.835539
18;0.2;0.00075;-1.6994e-08;8.84293e-10;0.648804
18;0.2;0.00133;-9.90078e-09;7.35047e-10;0.624109
18;0.2;0.00237;-4.28408e-09;6.09096e-10;0.871787
18;0.2;0.00421;-3.16283e-10;5.13632e-10;0.819715
18;0.2;0.0075;2.45381e-09;4.34615e-10;0.670998
18;0.4;0.00042;2.16791e-07;1.203e-09;1.07157
18;0.4;0.00075;1.73962e-07;1.00306e-09;1.2534
18;0.4;0.00133;1.42011e-07;8.38728e-10;0.996513
18;0.4;0.00237;1.17292e-07;6.99654e-10;0.796583
18;0.4;0.00421;9.88908e-08;5.90051e-10;0.880653
18;0.4;0.0075;8.51208e-08;4.94568e-10;1.09204
18;0.4;0.0133;7.93722e-08;4.54457e-10;0.866963
18;0.65;0.00042;5.75931e-06;1.31551e-09;0.784804
18;0.65;0.00075;4.60424e-06;1.07448e-09;0.890462
18;0.65;0.00133;3.69749e-06;9.18066e-10;0.894093
18;0.65;0.00237;2.96719e-06;7.6603e-10;0.795541
18;0.65;0.00421;2.38676e-06;6.30184e-10;0.776037
18;0.65;0.0075;1.92078e-06;5.31152e-10;1.00374
18;0.65;0.0133;1.72199e-06;4.88075e-10;0.885377
18;0.9;0.00075;2.20482e-05;1.99594e-09;1.08377
18;0.9;0.00133;1.8014e-05;1.636e-09;1.27296
18;0.9;0.00237;1.47225e-05;1.357e-09;1.61122
18;0.9;0.00421;1.20676e-05;1.14826e-09;1.25841
18;0.9;0.0075;9.9017e-06;9.77342e-10;1.61671
18;0.9;0.0133;8.96659e-06;8.877e-10;1.37516
28;0.04;0.00075;-1.13073e-09;3.07803e-10;0.137825
28;0.04;0.00133;-8.04943e-10;2.53624e-10;0.23452
28;0.1;0.00075;-6.95774e-10;3.54529e-10;0.6341
28;0.1;0.00133;-7.19339e-10;2.91046e-10;1.2582
28;0.1;0.00237;-6.36421e-10;2.3517e-10;2.13895
28;0.1;0.00421;-6.15446e-10;1.99694e-10;2.31343
28;0.2;0.00075;-5.83568e-09;3.64761e-10;0.863113
28;0.2;0.00133;-3.2606e-09;2.9931e-10;0.748355
28;0.2;0.00237;-1.34764e-09;2.51337e-10;1.55484
28;0.2;0.00421;4.06931e-11;2.09298e-10;1.37949
28;0.2;0.0075;8.94475e-10;1.74037e-10;1.56701
28;0.4;0.00075;2.07811e-08;3.92857e-10;1.21308
28;0.4;0.00133;1.77651e-08;3.26929e-10;0.901031
28;0.4;0.00237;1.57081e-08;2.76131e-10;0.357198
28;0.4;0.00421;1.43149e-08;2.30239e-10;0.277101
28;0.4;0.0075;1.36063e-08;1.94222e-10;0.360336
28;0.4;0.0133;1.33536e-08;1.75672e-10;0.852541
28;0.65;0.00075;1.57753e-06;4.41649e-10;0.788663
28;0.65;0.00133;1.24911e-06;3.71569e-10;0.652104
28;0.65;0.00237;9.87616e-07;3.08954e-10;0.769289
28;0.65;0.00421;7.81944e-07;2.53589e-10;0.707592
28;0.65;0.0075;6.18788e-07;2.11221e-10;1.24531
28;0.65;0.0133;5.499e-07;1.8585e-10;0.570247
28;0.65;0.0237;5.499e-07;1.8585e-10;0.570247
28;0.9;0.00133;6.96865e-06;6.69138e-10;1.08675
28;0.9;0.00237;5.62609e-06;5.55828e-10;0.936775
28;0.9;0.00421;4.55127e-06;4.55512e-10;1.99307
28;0.9;0.0075;3.68151e-06;3.74438e-10;1.80462
28;0.9;0.0133;3.30867e-06;3.40899e-10;2.2888
28;0.9;0.0237;3.30867e-06;3.40899e-10;2.2888
45;0.04;0.00133;-2.8415e-10;9.70983e-11;0.668054
45;0.1;0.00133;-7.12551e-11;1.06317e-10;1.53255
45;0.1;0.00237;-9.62128e-11;8.91832e-11;1.20157
45;0.2;0.00133;-7.06822e-10;1.11112e-10;1.15183
45;0.2;0.00237;-2.07802e-10;9.19024e-11;1.43871
45;0.2;0.00421;1.65924e-10;7.61651e-11;2.38166
45;0.2;0.0075;4.06309e-10;6.2448e-11;2.3378
45;0.4;0.00133;-3.43651e-09;1.21544e-10;1.4447
45;0.4;0.00237;-1.95697e-09;1.03062e-10;1.49656
45;0.4;0.00421;-7.8094e-10;8.42355e-11;0.968801
45;0.4;0.0075;2.16899e-10;6.8268e-11;1.02476
45;0.4;0.0133;6.3027e-10;6.25323e-11;0.767165
45;0.65;0.00133;3.75537e-07;1.33942e-10;1.14025
45;0.65;0.00237;2.92058e-07;1.10238e-10;0.77835
45;0.65;0.00421;2.27169e-07;8.72869e-11;0.702151
45;0.65;0.0075;1.76414e-07;7.20901e-11;0.712827
45;0.65;0.0133;1.5514e-07;6.44556e-11;0.728692
45;0.65;0.0237;1.5514e-07;6.44556e-11;0.728692
45;0.9;0.00237;1.93414e-06;1.99274e-10;1.86772
45;0.9;0.00421;1.54177e-06;1.62243e-10;2.65
45;0.9;0.0075;1.22739e-06;1.32346e-10;2.28415
45;0.9;0.0133;1.09364e-06;1.20175e-10;2.18404
45;0.9;0.0237;1.09364e-06;1.20175e-10;2.18404
75;0.1;0.00237;4.11876e-12;2.80421e-11;1.01798
75;0.1;0.00421;-2.19008e-11;2.31855e-11;1.32313
75;0.2;0.00237;5.38299e-11;3.13871e-11;2.36493
75;0.2;0.00421;1.16462e-10;2.4784e-11;2.86141
75;0.2;0.0075;1.38379e-10;1.99652e-11;2.43209
75;0.4;0.00237;-2.24181e-09;3.1522e-11;1.39837
75;0.4;0.00421;-1.46064e-09;2.60947e-11;1.52384
75;0.4;0.0075;-8.30962e-10;2.26272e-11;1.00236
75;0.4;0.0133;-5.9265e-10;1.91874e-11;0.949746
75;0.65;0.00237;7.59102e-08;3.51534e-11;0.43114
75;0.65;0.00421;5.79022e-08;2.79824e-11;0.904341
75;0.65;0.0075;4.40427e-08;2.26794e-11;0.775943
75;0.65;0.0133;3.83138e-08;2.02579e-11;0.457982
75;0.65;0.0237;3.83138e-08;2.02579e-11;0.457982
75;0.9;0.00421;4.63774e-07;5.3411e-11;1.11098
75;0.9;0.0075;3.62687e-07;4.31902e-11;1.19912
75;0.9;0.0133;3.201e-07;3.91488e-11;0.849582
75;0.9;0.0237;3.201e-07;3.91488e-11;0.849582
